Reaction test v3
type    A+B+C
number  1000

max value       65536
unit    us

test    A       B       C
0       11      156     15
1       15      1914    10
2       4008    13      8
3       3356    3378    6
4       13      9       1212
5       5       113     3797
6       43      8       13
7       7       2908    2772
8       19      23      15
9       13      2484    9
10      11      15      2066
11      13      22      17
12      18      14      23
13      9       13      527
14      23      12      19
15      73      81      5
16      13051   6       13
17      3006    11      15
18      36      11      15
19      15      11      771
20      3246    13      9
21      15      23      19
22      624     15      11
23      120     10      15
24      13      17      21
25      20      7       1866
26      183     8       15
27      1245    7       13
28      326     4       5375
29      305     366     180
30      3       593     3251
31      3748    8       13
32      5       8749    21
33      19      13      23
34      7       12      38
35      15      8580    11
36      2083    13      9
37      21      10      17
38      358     116     6
39      21      11      17
40      11      15      2468
41      13      6       4261
42      5       10821   6241
43      11      15      212
44      207     226     322
45      302     108     3600
46      2608    3       2511
47      15      11      167
48      17      12      23
49      13      8       1713
50      190     3       1605
51      19      15      23
52      17      13      21
53      13      643     9
54      1168    13      9
55      13      1558    9
56      349     9       13
57      2841    5       40
58      1180    1630    9365
59      13      23      19
60      5       49      5628
61      9       141     15
62      1665    10      15
63      8       35      13
64      18      14      23
65      18      14      23
66      8       13      6427
67      866     8       5906
68      101     9       13
69      2122    7       1238
70      6       43      69
71      13      41      8
72      38      11      15
73      7       3588    3666
74      3384    1142    27
75      15      19      11
76      9       15      656
77      1039    13      9
78      5072    123     960
79      23      12      18
80      5       8275    777
81      1749    145     5
82      15      10      2617
83      10      15      21
84      13      9       4828
85      14      19      23
86      10      2500    4014
87      17      21      13
88      8       67      14
89      397     8       13
90      21      16      12
91      1558    8       13
92      9       1753    13
93      5       11175   117
94      23      14      18
95      10      1910    15
96      5286    15      11
97      1350    13      9
98      8       169     189
99      1118    9       13
100     11      2636    15
101     15      39      10
102     35      25      5
103     2209    76      33
104     924     735     6
105     2552    5       256
106     170     6471    5401
107     6752    8       13
108     5       560     8773
109     3337    13      8
110     13      21      17
111     33      11      7
112     13      37      9
113     222     3114    7
114     4611    3968    12
115     15      2842    10
116     15      10      21
117     1637    1013    7
118     1655    792     7
119     275     13      8
120     1213    3       85
121     18      23      14
122     10      3227    15
123     3137    2585    7
124     332     33      14
125     8       13      39
126     8       13      3750
127     23      4695    7
128     8       13      1784
129     5970    11      15
130     137     23      5107
131     10      15      21
132     13      9       219
133     8       15      3281
134     18      14      23
135     14      446     10
136     21      16      12
137     113     5       6371
138     110     7       1706
139     14      10      2780
140     45      9       13
141     7       11      34
142     8       2480    409
143     17      21      12
144     21      17      13
145     17      21      12
146     7       67      13
147     770     8       13
148     15      1930    11
149     1658    27      13
150     7       11      482
151     7       3533    3123
152     1080    5       1053
153     9       13      2861
154     9       15      5700
155     8       149     13
156     5       1353    7075
157     3       480     3757
158     29      2132    3759
159     9       13      4536
160     13      34      9
161     261     11      15
162     6       7876    1620
163     8       4607    23
164     7451    14      10
165     23      18      14
166     10      9679    15
167     11      6       781
168     12      18      23
169     36      2565    7
170     1108    10      14
171     9       2421    2453
172     12      16      21
173     10      15      303
174     9       15      2027
175     2690    13      8
176     7       780     679
177     15      8       37
178     403     8       13
179     541     851     5
180     11      15      94
181     5       6390    6295
182     820     200     967
183     4       4265    1206
184     134     3       101
185     23      18      14
186     4222    14      10
187     1399    487     7
188     13      17      23
189     4656    9       13
190     13      8       3804
191     23      18      14
192     4080    50      123
193     13      21      17
194     14      23      18
195     9853    13      9
196     15      10      21
197     964     6       1663
198     17      21      12
199     6       1186    13
200     47      15      10
201     1185    8       3140
202     2117    5       2186
203     294     6279    2005
204     3225    15      11
205     95      5       34
206     1083    4341    7
207     26      8       918
208     855     15      10
209     325     11      15
210     1691    15      11
211     5       1606    1830
212     11      2126    15
213     9       13      6471
214     5       1061    47
215     450     7       31
216     5       78      253
217     6087    3       1555
218     1805    15      10
219     13      17      21
220     1436    10      16
221     17      13      21
222     409     6421    5
223     15      988     11
224     13      6015    8
225     5       1308    1588
226     13      5128    9
227     300     3489    151
228     5       4832    42
229     3549    8       13
230     2908    28      52
231     7       81      97
232     11      90      6
233     23      19      15
234     11      15      21
235     13      778     9
236     5       3520    3624
237     7       2391    13
238     13      842     9
239     23      14      18
240     13      2857    8
241     1511    7       237
242     22      13      17
243     23      15      19
244     17      21      13
245     13      9       6593
246     17      21      12
247     531     13      9
248     523     14      364
249     14      19      23
250     13      17      21
251     23      14      18
252     15      19      11
253     21      17      13
254     16      21      12
255     18      14      23
256     7       13      718
257     11      15      351
258     1820    913     4
259     14      23      18
260     12      21      17
261     9158    7       13209
262     4       5593    1386
263     11      7       1954
264     13      176     9
265     13      5229    8
266     4580    1059    1208
267     514     7       44
268     21      12      17
269     13      17      22
270     720     702     7
271     9       13      39
272     13      697     8
273     941     13      9
274     3440    4035    3473
275     13      3921    9
276     12      23      19
277     13      9       656
278     3214    11      21
279     4841    8       13
280     5       640     658
281     5798    7125    7
282     12      7       4740
283     21      17      13
284     1233    6       11
285     67      274     7
286     11      779     6
287     15      10      2657
288     11      15      1969
289     4       62      2729
290     1087    11      17
291     2867    3048    4234
292     2428    6       197
293     16      21      12
294     3       615     2788
295     128     3322    5
296     2349    22      544
297     7       3372    6285
298     47      12      7
299     2980    20      7
300     10      15      943
301     1087    8       13
302     550     177     101
303     9       660     13
304     6       2808    227
305     9       1594    13
306     4156    8       13
307     11      3379    15
308     3933    13      8
309     19      14      23
310     23      18      14
311     13      17      21
312     923     5       938
313     1394    1380    5398
314     11      15      369
315     15      10      3302
316     129     15      11
317     8       114     15
318     7       7853    13
319     23      18      14
320     15      37      10
321     23      15      19
322     8       7012    15
323     17      22      13
324     7       12      6008
325     1947    4580    5
326     7       11      5715
327     3879    8       13
328     536     46      7
329     4       4201    23
330     35      48      77
331     2936    1268    7
332     40      15      11
333     9       13      1868
334     137     15      10
335     445     3       3978
336     9       15      5038
337     14      23      19
338     21      17      13
339     7       11      2310
340     291     15      11
341     9       15      821
342     2864    2874    7
343     3566    3533    7
344     2526    7920    8
345     1972    8756    1983
346     290     8       15
347     11      7       902
348     15      11      1129
349     1223    449     7
350     5       1722    6274
351     53      15      11
352     17      13      21
353     13      23      19
354     8       13      112
355     5       230     280
356     9       13      4568
357     19      15      11
358     7       11      285
359     23      12      19
360     16      12      23
361     21      16      12
362     15      370     11
363     6       6401    13
364     21      17      13
365     9       769     13
366     13      35      8
367     5       2513    201
368     1568    13      9
369     14      18      23
370     5797    1347    7
371     15      19      23
372     15      37      10
373     14      18      23
374     21      17      13
375     14      2735    10
376     11      1794    15
377     2657    2811    5
378     17      21      12
379     9       167     13
380     4309    15      11
381     15      11      3634
382     9       3459    13
383     21      12      17
384     12      17      21
385     13      17      21
386     4919    10      14
387     14      10      4903
388     38      15      11
389     1365    6       1396
390     22      17      13
391     6092    11      15
392     13      9       3775
393     23      15      19
394     10      15      4944
395     3199    1619    369
396     3133    13      9
397     25      14      20
398     23      14      18
399     2805    11      7
400     15      10      90
401     7       1084    4564
402     18      23      14
403     23      18      14
404     11      7       5015
405     6       11      4715
406     15      10670   10
407     7       2428    2915
408     23      19      14
409     19      3       785
410     2247    20      2988
411     6       13      847
412     15      4976    11
413     883     1068    8
414     49      9       15
415     3827    15      10
416     13      9       6163
417     693     2686    2475
418     1736    1176    21
419     1052    13      9
420     9       323     549
421     444     229     13
422     13      9       1427
423     13      23      19
424     971     3       4215
425     208     15      10
426     14      19      23
427     1943    6       2040
428     5379    13      8
429     327     3930    5
430     22      13      17
431     9       13      1823
432     837     7       5214
433     4675    2185    7
434     833     973     5
435     12      17      23
436     118     6       103
437     1831    1646    2098
438     1895    3960    7
439     2237    736     5
440     35      10      15
441     14      19      10
442     7       9926    13
443     5086    5       8693
444     34      7       11
445     5       5488    1435
446     11      7       39
447     7       1157    13
448     5       4210    11072
449     11      21      17
450     23      14      19
451     40      15      11
452     99      10      14
453     392     11      7
454     7       1535    13
455     11      6       5951
456     6       11      58
457     5       2306    1902
458     3923    13      9
459     13      8       11103
460     10      14      18963
461     6       5218    4097
462     109     15      11
463     14      23      19
464     8       13      7460
465     3266    7327    3529
466     18      23      14
467     13      6       2741
468     5062    13      8
469     23      18      14
470     5882    16      59
471     1809    13      9
472     2494    2516    6
473     15      23      19
474     15      10      1942
475     14      4087    10
476     15      4764    11
477     23      14      18
478     111     281     6
479     375     5       993
480     7       11      345
481     829     857     815
482     6       81      241
483     21      686     6
484     21      17      13
485     6384    481     121
486     10      15      99
487     1692    2014    18
488     21      17      12
489     13      19      23
490     4091    13      4198
491     13      3818    9
492     17      22      13
493     15      52      10
494     41      15      11
495     5       176     143
496     21      17      12
497     15      11      694
498     2772    7       4343
499     5       6150    2938
500     9       124     13
501     19      23      15
502     7       1260    1322
503     7665    5       940
504     85      15      11
505     4676    606     5
506     165     7       13
507     23      19      14
508     507     2461    511
509     23      6278    5
510     13      2351    9
511     454     460     5
512     6914    4852    6922
513     11      6       1918
514     5906    6       13
515     21      12      16
516     15      11      21
517     13      8       354
518     13      1378    9
519     13      8       39
520     11      71      15
521     4356    9       13
522     8       3401    15
523     1421    480     6
524     15      10082   10
525     2544    15      10
526     14      23      19
527     6084    15      10
528     2602    15      11
529     9       13      5305
530     15      10      5141
531     13      9       3131
532     2327    2262    65
533     11      7       2201
534     90      7       124
535     17      21      13
536     116     7       13
537     14      1436    46
538     8       13      309
539     2906    45      7
540     22      13      17
541     19      23      15
542     2947    2420    2530
543     23      84      8
544     2862    1065    2978
545     3826    13      8
546     23      18      14
547     7       3973    437
548     13      8       3982
549     11      15      21
550     13      9       233
551     10      15      6095
552     23      18      14
553     1658    1580    5
554     15      10      1809
555     5       6459    2987
556     15      1125    11
557     15      4549    11
558     12      23      18
559     11      6       4788
560     1370    7       23
561     5226    13      9
562     14      23      18
563     7737    11      22
564     15      1631    11
565     17      21      13
566     274     3519    52
567     47      17      13
568     144     90      44
569     19      15      23
570     203     5506    16
571     3771    822     5
572     7777    5       4474
573     1035    11      15
574     12      17      21
575     21      17      12
576     6       614     11
577     15      439     11
578     15      19      11
579     6       10683   2344
580     19      14      23
581     5556    8346    5443
582     7       297     293
583     10403   5       132
584     22      17      13
585     5576    7       13
586     17      21      12
587     75      12      7
588     10      1663    14
589     13      4925    9
590     160     3       2462
591     6709    13      9
592     17      21      12
593     15      3047    10
594     3266    483     2307
595     296     13      8
596     72      5       3883
597     14      19      25
598     79      384     6
599     3872    7       2099
600     23      19      14
601     8       6782    13
602     9090    11      2007
603     15      11      394
604     2918    91      4667
605     3268    11      7
606     6461    10      14
607     142     7       13
608     15      23      19
609     127     14      10
610     13      3462    9
611     201     308     9
612     11      614     6
613     7939    15      11
614     12      21      17
615     2769    9       15
616     12      16      21
617     7       6482    5267
618     12      16      21
619     1186    15      10
620     365     7       45
621     253     11      7
622     1531    11      6075
623     12      21      16
624     47      15      10
625     4459    9       15
626     6       3590    73
627     345     25      11
628     4777    5       904
629     2434    156     6474
630     22      11      17
631     209     52      542
632     59      5       7684
633     11      2666    6
634     11      15      4061
635     15      4385    10
636     7       413     2417
637     13      88      9
638     2645    2631    7
639     13      21      17
640     735     13      8
641     19      13      23
642     14      23      18
643     12      17      23
644     16      21      12
645     404     4086    26
646     912     807     1372
647     6603    8       15
648     14      19      23
649     5803    40      7
650     15      1005    11
651     11      17      21
652     131     15      10
653     9       13      43
654     18      14      23
655     13      17      23
656     15      5348    11
657     15      10      236
658     18      23      14
659     1382    8       2285
660     9750    11      15
661     6       11      6271
662     13      505     9
663     15      10      2375
664     2237    132     5
665     849     5       790
666     12      18      23
667     13      485     8
668     17      22      13
669     1343    5       29
670     8       2068    15
671     7       2886    2972
672     15      4781    11
673     3223    7       132
674     883     6       831
675     11      15      45
676     10      15      21
677     6       11      35
678     7       1232    991
679     23      14      19
680     8       13      1115
681     7       2590    4101
682     17      22      13
683     13      9       1005
684     40      5       12030
685     10      29      2839
686     11      131     15
687     13      422     9
688     1896    11      15
689     662     15      10
690     7       5599    5558
691     15      23      19
692     2865    5       2223
693     3092    3088    3115
694     7       6626    109
695     1689    15      11
696     10      2900    14
697     18      23      14
698     7       333     531
699     13      17      21
700     7       11      4779
701     780     22      34
702     2316    13      9
703     11      21      17
704     15      358     10
705     8818    9       5615
706     2616    5       2483
707     10      15      94
708     6       11      4717
709     1796    13      8
710     5       48      722
711     11      15      7384
712     23      19      15
713     13      5727    9
714     5       2409    19
715     2564    2625    5
716     5919    13      8
717     391     4562    5
718     14      1501    10
719     14      18      23
720     12      2259    767
721     22      33      66
722     14      19      23
723     9       78      838
724     647     7       12
725     11020   11094   2480
726     3182    192     5
727     7       811     4881
728     2923    10      14
729     9       13      280
730     5       5867    2428
731     13      1758    8
732     11      106     6
733     23      18      14
734     9       79      15
735     3388    5       337
736     3362    15      11
737     6970    2571    11559
738     2811    3048    5
739     10476   9       13
740     13      21      17
741     10      14      1625
742     2482    863     7
743     12      17      21
744     1849    5       668
745     840     909     4
746     9       13      2790
747     21      12      17
748     362     21      7
749     14      23      19
750     13      17      23
751     23      13      19
752     13      6272    9
753     17      12      21
754     530     4827    5
755     567     1298    5
756     15      10      5478
757     31      37      16
758     4       53      206
759     6       2758    2715
760     23      18      14
761     17      12      23
762     23      14      18
763     2053    10      14
764     13      43      9
765     8       1406    327
766     7       11      3667
767     5240    8       2010
768     5       12921   297
769     19      14      23
770     1343    5       1283
771     13      9       1879
772     1543    5       1090
773     9       13      189
774     2068    2020    6
775     13      9       3469
776     1540    13      9
777     7       1171    5696
778     8188    1493    496
779     2822    67      147
780     5994    606     7
781     19      15      25
782     15      19      23
783     17      13      21
784     19      15      23
785     327     5974    5
786     2195    13      8
787     145     25      15
788     1453    605     7
789     63      2414    7174
790     7       23      1018
791     9       2533    13
792     78      13      8
793     37      2653    5
794     3       1026    1358
795     17      13      21
796     14      19      23
797     696     3155    6
798     14      10      2002
799     3988    365     7
800     898     7       158
801     4513    15      10
802     3524    8277    5
803     15      19      23
804     2096    6075    5924
805     15      4560    10
806     13      705     9
807     2585    15      10
808     9       2698    13
809     2769    10      15
810     4873    7       855
811     7       11      10462
812     11792   10425   9
813     13      22      17
814     19      14      23
815     18      23      14
816     19      23      15
817     13      8       6515
818     15      10      2981
819     9       729     13
820     438     15      10
821     13      8       1046
822     11      7       3681
823     13      6006    9
824     11      2721    25
825     23      13      19
826     5522    91      775
827     13      1684    9
828     15      10      482
829     13      17      21
830     12      23      18
831     9       118     13
832     19      15      23
833     7148    7       4158
834     23      14      18
835     14      23      19
836     16      21      12
837     11      17      22
838     804     8       13
839     17      13      23
840     8235    11      15
841     11      30      17
842     13      8       3298
843     11      15      1114
844     115     7       1329
845     2749    299     9
846     122     5587    7
847     16      12      21
848     5       326     256
849     15      10      731
850     3167    2044    749
851     7       11      34
852     7       44      5773
853     36      9       13
854     620     15      10
855     3477    3754    3325
856     14      18      23
857     10      4222    15
858     523     8       13
859     7684    13      9
860     19      23      15
861     2161    5       2850
862     12      16      21
863     544     20      271
864     4       133     3997
865     9       13      107
866     11      15      21
867     9       3126    15
868     11      1808    15
869     131     8       14
870     16      12      21
871     13      3426    9
872     2761    14      18
873     857     5546    6
874     15      4247    11
875     46      5       1800
876     14      10      629
877     928     46      5
878     7       66      3159
879     853     15      11
880     13      23      19
881     16      91      12
882     117     304     5419
883     5419    5681    6
884     32      7       13
885     1100    1077    1095
886     19      15      25
887     7       5074    2781
888     218     1785    5
889     1350    8       15
890     17      12      23
891     10386   13      9
892     9437    9       15
893     13      1182    9
894     13      8       431
895     4304    6199    9
896     16      21      12
897     4384    9       13
898     13      17      21
899     13      43      8
900     13      41      8
901     2192    3274    5
902     1009    13      9
903     4415    6       454
904     15      82      11
905     14      10      4246
906     42      29      1309
907     23      18      14
908     5       1620    256
909     7       3146    11
910     13      8662    8
911     635     364     8
912     8       13      3744
913     8573    7       8581
914     45      9       13
915     9       13      808
916     5       2282    1903
917     15      160     11
918     17      12      21
919     7       1219    145
920     18      23      14
921     1354    2353    4
922     11      7       2077
923     8       13      7691
924     8       13      3412
925     14      19      23
926     7       2837    1617
927     112     7       165
928     9       1243    15
929     5172    1132    7
930     23      19      14
931     7       6368    13
932     7       1057    117
933     23      12      19
934     17      13      21
935     10      15      3673
936     1881    5       1096
937     21      13      17
938     15      1057    10
939     21      12      16
940     21      17      12
941     105     9       15
942     5366    10      15
943     23      14      19
944     17      13      21
945     15      11      22
946     680     15      10
947     1309    9       1266
948     1672    6       310
949     3571    3772    5
950     268     7       2418
951     13      2420    9
952     8788    9       13
953     23      19      15
954     15      23      19
955     5342    4823    5
956     11      6       7035
957     5       7730    7722
958     8636    8627    3984
959     1870    1878    5
960     14      18      23
961     13      22      17
962     13      8       3427
963     19      15      23
964     12547   6161    5
965     5       2908    2408
966     14      19      25
967     12      277     29
968     320     18      22
969     3925    340     5
970     11      3448    15
971     13      64      9
972     13      17      22
973     5355    12      7
974     15      23      19
975     19      14      23
976     11      15      939
977     11      1620    7
978     13      8961    9
979     589     7       526
980     9       13      471
981     19      23      15
982     3313    2759    3156
983     578     15      11
984     13      7       5076
985     23      19      15
986     15      11      21
987     10      864     15
988     23      19      14
989     15      10      4410
990     29      1752    11
991     10      15      2760
992     8       689     13
993     7       11      1957
994     12      23      18
995     8       7500    15
996     53      4       172
997     3028    3043    3024
998     21      12      17
999     7       11      110
