Reaction test v3
type    A+B+C
number  1000

max value       65536
unit    us

test    A       B       C
0       7       6063    3
1       15371   3330    5
2       415     12527   7
3       15208   3168    5
4       5647    6       1673
5       4040    16165   7
6       4       9031    5004
7       4       12153   7969
8       6085    3       2048
9       10305   7       6291
10      1325    13437   5
11      5       10676   6629
12      3       4617    573
13      4485    7       443
14      5       10636   6591
15      12446   329     7
16      7831    4       3823
17      12335   219     4
18      1504    17576   5
19      15950   3786    4
20      3612    15727   7
21      5       5085    1032
22      5       5677    1628
23      5       5098    1034
24      11265   7       7195
25      5       5565    1529
26      16123   4022    9
27      9789    3       5837
28      15641   3449    7
29      7       9861    5736
30      15778   3672    7
31      5       11387   7349
32      11606   5       7548
33      9820    5       5810
34      12941   3       8867
35      3       9977    5935
36      4952    7       918
37      2329    14444   4
38      1443    13600   7
39      12607   488     9
40      8542    7       4525
41      7       5827    1784
42      12081   7       8035
43      5       5902    1866
44      2122    14194   7
45      5       7569    3600
46      3       10099   6076
47      5       8405    4358
48      6       7186    3145
49      6326    7       2286
50      11146   5       7099
51      14495   2378    7
52      6       7777    3737
53      4       9149    5068
54      3036    15204   5
55      13856   1726    5
56      6       7813    3775
57      3173    15298   6
58      3927    16040   8
59      10      8013    3983
60      10374   7       6323
61      7       6500    2455
62      12015   5       7969
63      5270    6       1232
64      6       6643    2604
65      5       9398    5350
66      15326   3261    7
67      9358    4       5276
68      7       9630    5582
69      8724    5       4671
70      3351    15474   4
71      6011    7       1960
72      9639    5       5595
73      15201   3081    7
74      7       4147    113
75      11983   6       7907
76      5       4151    90
77      6       9899    5861
78      3128    15236   5
79      9       9084    5039
80      5       4554    473
81      14771   2635    6
82      7115    7       3066
83      7       9263    5161
84      7       6101    2052
85      6139    7       2078
86      7247    5       3199
87      5       7567    3552
88      6797    5       2706
89      9662    7       5618
90      12103   7       8059
91      8689    7       4645
92      13548   1457    5
93      1686    13854   5
94      15651   3518    5
95      10509   6       6475
96      9189    7       5142
97      7920    5       3867
98      12992   865     5
99      14350   2230    7
100     14815   2690    5
101     5       7976    3927
102     15040   2909    3
103     3       9955    5902
104     10363   3       6320
105     7       5516    1504
106     14194   2133    5
107     5       10411   6371
108     3255    15367   7
109     7       4422    385
110     7       5589    1521
111     1240    13296   5
112     7       12005   7973
113     3       6242    2159
114     11312   5       7272
115     15973   3865    7
116     8336    7       4290
117     1778    13871   9
118     6292    7       2249
119     3659    15761   7
120     13423   1317    5
121     7       6476    2442
122     11120   3       7063
123     7677    3       3638
124     6       5795    1748
125     7       8336    4296
126     241     12354   5
127     12114   22      8067
128     6249    5       2191
129     3       10562   6520
130     14295   2174    7
131     6218    5       2161
132     1015    13151   6
133     8       9727    5681
134     5       10132   6066
135     5       5252    1203
136     1289    13382   9
137     5       6726    2654
138     14596   2479    6
139     1516    7       9587
140     12136   14      8164
141     5       5893    1870
142     7       9175    5138
143     5       6617    2659
144     9215    3       5185
145     13311   1203    5
146     8720    3       4678
147     5542    3       1517
148     11254   5       7216
149     5       10601   6560
150     12247   126     7
151     9734    4       5691
152     7       6726    2680
153     19343   5       7206
154     14929   2806    7
155     14142   1998    7
156     6741    9       2688
157     13832   1687    5
158     10251   7       6162
159     7       15682   11635
160     11148   7       7099
161     5       6547    2491
162     10679   7       22785
163     9218    7       5183
164     13089   947     5
165     7768    5       3718
166     15430   3290    7
167     8       8375    4343
168     1234    13413   5
169     7       7745    3730
170     7       11974   7863
171     7007    3       2956
172     13430   1298    6
173     15167   3032    5
174     5107    5       1146
175     8486    7       4455
176     5       5456    1408
177     3       4265    224
178     6       9598    5526
179     5327    3       1263
180     8869    5       4821
181     15472   3360    5
182     7       4585    539
183     6       6496    2447
184     7243    5       3193
185     8902    9       4853
186     13516   1382    6
187     981     13153   7
188     13628   1482    5
189     1921    14051   9
190     10200   7       6184
191     6       9189    5160
192     2009    14168   5
193     6085    7       2020
194     6       4920    872
195     5       11741   7654
196     7265    3       3210
197     5458    5       1407
198     9       4104    55
199     620     12743   5
200     8975    7       4922
201     3036    15213   7
202     6769    7       2720
203     12778   634     5
204     5       9643    5592
205     5       7922    3871
206     7357    4       3311
207     3       8745    4696
208     5       8365    4317
209     7       14045   9990
210     9963    5       5910
211     2398    14550   7
212     6669    4       2604
213     6823    7       2766
214     2315    14462   7
215     5       9953    5864
216     5       10238   6153
217     7605    5       3575
218     2706    14804   4
219     11790   3708    5
220     5       3289    7333
221     8       3973    7994
222     3306    9       15439
223     14149   5       2055
224     1206    3       13331
225     7238    3190    7
226     4       5269    9314
227     7       2510    6598
228     7583    3535    5
229     9969    5910    6
230     9       889     4942
231     7       4767    8824
232     5       278     4340
233     4702    649     7
234     13025   5       878
235     3       213     4262
236     7610    3580    8
237     6451    2408    5
238     3       5607    9660
239     4       684     4670
240     7693    3640    7
241     15264   7       3111
242     6760    2714    5
243     3       7937    11906
244     7       5525    9627
245     7       1525    5582
246     11544   7478    5
247     6       248     4331
248     15626   6       3497
249     5       541     4588
250     13659   5       1604
251     13706   1536    5
252     6811    6       2777
253     8934    4872    5
254     6       1806    5863
255     8       9933    5884
256     7       4081    8127
257     7       3027    7078
258     12990   5       877
259     9       2592    6645
260     11708   5       7662
261     57      12306   5
262     13783   7       1632
263     16046   3896    6
264     9962    5       5907
265     13594   1437    7
266     4564    7       492
267     8519    8       4470
268     7794    4       3748
269     3158    15321   5
270     2611    14747   7
271     7453    5       3407
272     14253   2109    4
273     9       4202    147
274     4       9661    5608
275     7       10138   6057
276     4       7025    2974
277     5       5572    1519
278     15791   3664    7
279     4       4672    621
280     15941   3792    7
281     471     12600   6
282     8936    6       4890
283     7198    13      3141
284     1683    13825   9
285     5       7427    3376
286     7       6500    2447
287     3       8051    3968
288     625     12776   9
289     6875    5       2826
290     8332    7       4257
291     5       11376   7326
292     6       8219    4172
293     7       5863    1819
294     6622    5       2588
295     12092   3       8043
296     7       11525   7465
297     11081   5       7034
298     15277   3176    6
299     12000   6       7956
300     6755    6       2715
301     13241   1116    7
302     5       7196    3152
303     8906    5       4887
304     11005   7       6959
305     327     12538   5
306     1236    13367   9
307     5       7080    3031
308     5       11233   7231
309     7       9210    5172
310     5       11361   7285
311     5       6285    2234
312     4       833     4886
313     8188    4114    5
314     4       8639    4590
315     5       6589    2564
316     8182    7       4124
317     526     12666   7
318     10464   3       6436
319     6694    7       2648
320     9       9424    5412
321     5       9975    5931
322     7       9651    5599
323     12990   850     5
324     2470    14610   5
325     11598   6       7583
326     7162    6       3186
327     2489    14640   9
328     6789    8       2730
329     5       11406   7368
330     7       8944    4895
331     12188   29      7
332     10483   3       6448
333     10831   6       6756
334     7837    7       3781
335     5       11704   7660
336     9       10573   6518
337     8802    7       4657
338     10544   4       6491
339     5       6871    2826
340     5749    7       1698
341     7101    5       3048
342     11276   7       7221
343     455     12591   5
344     4974    8       932
345     6461    7       2400
346     15876   3717    7
347     3       10830   6773
348     7116    7       3064
349     2091    14199   5
350     4367    3       402
351     5       11008   6962
352     9626    5       5577
353     37      12176   7
354     7       8282    4289
355     139     12278   5
356     4       10008   5867
357     4192    5       143
358     972     13110   5
359     5       9334    5294
360     7       11137   7084
361     5       11951   7905
362     5       4249    160
363     4541    4       488
364     11335   5       7283
365     5640    3       1585
366     96      12245   5
367     8132    5       4075
368     7192    7       3152
369     10347   7       6292
370     3884    16080   5
371     5       6782    2728
372     3256    15392   9
373     7522    3       3476
374     15986   3818    6
375     12897   773     9
376     15823   3684    4
377     15746   3647    7
378     5       9611    5556
379     5       11794   7778
380     8891    7       4840
381     1766    13891   4
382     5       7745    3700
383     11326   3       7275
384     9240    5       5189
385     11117   5       7066
386     8848    5       4799
387     11228   5       3147
388     14704   2611    5
389     5       9898    5841
390     7       4526    477
391     2626    14756   5
392     8496    5       4450
393     13046   912     9
394     14976   2830    7
395     7424    8       3381
396     5       4556    503
397     8507    7       4413
398     10922   5       6895
399     4       10349   6218
400     180     6       12303
401     7951    3904    8
402     2859    4       14939
403     9       4746    8792
404     5       6059    10102
405     5921    1881    7
406     7346    3291    3
407     8085    4042    5
408     4       3038    7085
409     5       4964    8985
410     16164   6       4026
411     13926   5       1788
412     9920    5907    7
413     4516    475     5
414     7       3000    7040
415     3       6287    10334
416     7       6756    10785
417     1782    5       13912
418     4115    5       12109
419     14808   2670    8
420     12408   261     5
421     1810    13931   7
422     15114   3010    5
423     12850   717     5
424     7       4720    668
425     7       7892    3843
426     5145    7       1071
427     70      12208   5
428     3568    15682   8
429     5       6401    2367
430     12960   816     7
431     6555    7       2505
432     14203   2089    4
433     7       6148    2110
434     13298   1117    7
435     41      12179   4
436     5297    5       1244
437     8918    5       4838
438     8777    7       4806
439     7       6190    2142
440     14883   2760    4
441     7566    7       3537
442     5       6692    2622
443     8753    5       4692
444     2308    14467   6
445     4641    5       591
446     5       9566    5515
447     7       7907    3824
448     15633   3478    8
449     7481    3       3426
450     4       5671    1622
451     4839    5       799
452     4226    5       167
453     13479   1339    9
454     11726   6       7671
455     5       6702    2628
456     14132   1990    7
457     3057    15197   5
458     9220    7       5172
459     5936    5       1922
460     14353   2264    7
461     12057   3       8002
462     8961    7       4955
463     14730   2607    5
464     7958    7       3912
465     11893   5       7830
466     5895    5       1793
467     1962    14119   7
468     5       7483    3421
469     5       6775    2723
470     5       10997   6940
471     4727    5       16972
472     3       4652    608
473     344     12452   5
474     5       7600    3520
475     13247   1109    7
476     7       5055    1011
477     7       8499    4446
478     11668   5       7616
479     653     12782   5
480     6       8456    4378
481     3388    15555   5
482     8893    5       4840
483     1662    13832   5
484     5       4706    660
485     7       9767    5626
486     5       10007   5993
487     2487    14582   7
488     6       7786    3739
489     5640    7       1606
490     8886    24      4836
491     10382   6329    7
492     5       6165    2141
493     7       6576    2526
494     5       8391    4334
495     14619   2473    6
496     11396   4       7341
497     11094   7043    5
498     5       316     4371
499     970     7       13132
500     7       4676    644
501     7       7221    3175
502     2065    14153   5
503     9       5422    9433
504     14733   3       2620
505     15825   7       3721
506     11665   7613    7
507     5       7684    11737
508     14765   6       2640
509     4809    5       760
510     15609   3475    7
511     3719    15857   7
512     12549   364     5
513     8471    5       4418
514     5728    3       1662
515     126     12277   4
516     3       11546   7456
517     5       6725    2657
518     7       11355   7289
519     6       6701    2676
520     10993   5       6934
521     5833    7       1772
522     12186   36      5
523     3653    15799   5
524     14113   1917    5
525     4441    6       347
526     7       7487    3434
527     12196   4       68
528     6645    2599    5
529     7       5725    9782
530     7       11012   6963
531     15805   3683    5
532     15784   3635    7
533     5       10022   5993
534     12358   180     7
535     7       4738    681
536     6       4142    8206
537     8142    4087    5
538     15237   5       3068
539     7       2682    6754
540     10466   6406    7
541     11469   7413    7
542     10251   6196    7
543     6896    2819    7
544     8497    3       4438
545     2999    15139   9
546     7       7693    3605
547     33      3822    7932
548     10088   7       6029
549     9722    5665    7
550     7262    7       3212
551     14004   1870    5
552     210     12285   5
553     1487    6       5546
554     57      7       4112
555     3       12235   85
556     1575    5630    7
557     755     5       4806
558     576     5       4642
559     5989    7       10035
560     3548    7590    8
561     3       15759   3600
562     5       13547   1424
563     5       13117   979
564     3752    7809    5
565     5       16056   3914
566     5       15296   3160
567     7       3110    15237
568     7       14634   2511
569     3573    7661    5
570     3392    7440    5
571     3020    7069    7
572     6       2953    15086
573     5351    4       9401
574     10093   6       6043
575     5       10515   6466
576     10271   7       6213
577     3102    7       7198
578     13813   1661    5
579     9242    7       5191
580     4243    5       190
581     7       12152   8071
582     4       5493    1451
583     4237    7       192
584     6950    5       2893
585     443     12676   6
586     3       2537    6585
587     1195    9275    6
588     8       11705   7654
589     10466   4       6420
590     9277    5       5237
591     3827    15935   5
592     7       6634    10676
593     15280   5       3177
594     6       5070    9134
595     3814    7       15945
596     4811    765     5
597     5589    1544    7
598     5032    981     3
599     6021    1947    7
600     5       6141    10221
601     8458    4412    6
602     5       10956   6908
603     5       11880   7833
604     10415   4       6364
605     5       8066    4011
606     4823    5       766
607     2008    14143   6
608     10424   3       6375
609     9       8123    4083
610     4867    822     5
611     8836    4787    8
612     6221    3       2145
613     5       4438    392
614     13821   1790    5
615     6       1712    5752
616     3812    9       11867
617     1971    10048   5
618     3       7369    3291
619     5138    1090    7
620     7       1669    5717
621     891     4       8911
622     9       8033    3985
623     10766   7       6719
624     602     12714   5
625     6       6483    2408
626     4453    408     7
627     7       4940    899
628     6       7064    2966
629     7648    3606    4
630     11878   7834    6
631     5       5267    9311
632     12176   6       41
633     3       3956    8006
634     7       7347    11403
635     5       6490    10578
636     5       1109    5162
637     9255    5213    6
638     3       4995    9095
639     8272    7       4221
640     5       5379    1363
641     3278    15392   5
642     7       10177   6135
643     10374   5       6329
644     6795    3       2761
645     13541   1425    7
646     8830    3       4792
647     5       7613    3590
648     8085    7       4049
649     2556    14673   5
650     8345    4       4298
651     4541    7       492
652     8809    7       4722
653     267     5       4316
654     2393    6433    5
655     3643    7694    4
656     6424    7       10470
657     2869    6919    5
658     6553    10573   5
659     4335    5       8405
660     8183    12176   7
661     7665    11713   5
662     7391    11433   6
663     5153    7       9187
664     6199    7       10243
665     5       12771   664
666     5880    9922    6
667     6696    5       10730
668     4       13546   1410
669     5       2540    14659
670     5       1716    13852
671     7       12195   89
672     7       989     13085
673     805     7       4888
674     3826    5       7873
675     7       3820    15970
676     7       13642   1531
677     5134    9172    9
678     7031    6       11077
679     7       14948   2853
680     4       14266   2168
681     334     7       4384
682     4142    8       8191
683     591     5       4639
684     4608    8640    7
685     6850    10896   9
686     2124    6166    6
687     5       983     13125
688     3       1515    13661
689     4274    5       8361
690     1191    13371   5
691     3989    3       8040
692     4884    5       856
693     7237    5       3192
694     5       4926    869
695     6976    5       2916
696     5       4344    265
697     5       11183   7135
698     6081    7       2028
699     3362    15487   5
700     7       2013    10097
701     5       1992    14130
702     2256    6386    7
703     6380    4       2333
704     1102    13204   7
705     2801    6841    5
706     2528    6543    8
707     5       1203    13326
708     4219    6       8287
709     4358    8409    9
710     5237    7       1165
711     6272    5       10308
712     3122    10      7169
713     5       711     12875
714     5851    5       9904
715     7       3404    15482
716     5       12375   267
717     5       3132    15250
718     540     5       4608
719     2442    5       6489
720     7791    11831   5
721     6415    7       10467
722     2571    6       6620
723     2592    6641    7
724     6       2556    14713
725     7       14841   2701
726     4       1273    13419
727     6       13378   1232
728     1086    5143    5
729     7116    11167   9
730     2344    6       6395
731     6533    10584   7
732     9       15274   3111
733     5164    9209    6
734     715     4768    5
735     8025    6       12082
736     1637    5683    8
737     4049    8102    5
738     7       3872    16011
739     4847    8893    5
740     306     4353    8
741     6844    5       10888
742     2596    6643    7
743     3359    5       7406
744     2847    14959   5
745     5       14464   2288
746     5       13472   1321
747     7       2192    14334
748     7       338     12495
749     6031    5       10110
750     7944    7       3889
751     343     12479   6
752     4307    5       256
753     9323    7       5275
754     6       10535   6490
755     8083    5       4047
756     8171    3       4123
757     7       11225   7178
758     14507   2470    7
759     5       6458    2388
760     11739   3       7695
761     9939    7       5901
762     4757    5       730
763     7183    7       3142
764     12261   141     9
765     9098    3       5032
766     7       5147    1092
767     8188    6       4148
768     3       8627    4583
769     514     12628   6
770     7       8807    4765
771     6082    7       2039
772     2586    14698   8
773     3463    15618   4
774     5964    7       1999
775     6       4303    261
776     1615    13727   7
777     2558    14694   6
778     10815   5       6762
779     10037   5       5989
780     7       8098    4047
781     3040    15125   8
782     5863    7       1803
783     7       6617    2570
784     3       10989   6941
785     7798    5       3749
786     224     12345   5
787     3996    16085   7
788     5       4136    47
789     8012    3       12060
790     1052    3       5092
791     3108    7       7153
792     6840    5       10888
793     1601    13728   4
794     254     9       4284
795     7       203     12338
796     5       12410   180
797     14781   2644    5
798     3       15834   3713
799     5       9090    5048
800     492     5       4528
801     4168    5       8218
802     449     5       4479
803     1999    6071    8
804     3113    7164    22
805     5       1489    13622
806     6312    5       10357
807     7769    11824   5
808     7       15234   3098
809     6344    5       10389
810     5       3106    15300
811     7       1300    5346
812     3497    7       15636
813     13125   5       995
814     3       7120    11171
815     5       3375    7428
816     7       3539    7581
817     7       6256    10307
818     4       1101    13224
819     3757    7       15906
820     7       2840    6891
821     4802    5       788
822     4607    7       554
823     11252   5       7201
824     7       9033    4988
825     8728    5       4677
826     6849    2807    5
827     12098   8052    9
828     6567    2480    7
829     3       7046    11103
830     4       1245    5294
831     3315    7       15446
832     8       3107    7138
833     7       4922    8972
834     10155   6104    9
835     13434   3       1271
836     9602    5586    5
837     1652    7       13804
838     1088    3       13196
839     12273   7       130
840     9099    5051    6
841     7988    3938    9
842     8       4909    8960
843     6937    2888    5
844     3313    5       15393
845     12934   7       837
846     10395   5       6345
847     8562    5       4518
848     1416    13559   6
849     5       9647    5605
850     13697   1566    5
851     5       11675   7628
852     934     7       13061
853     7       719     4774
854     7       5262    9304
855     10693   5       6649
856     9020    5       4977
