
Reaction test v3
type	A+B+C
number	1000

max value	65536
unit	us

test	A	B	C
0	5	23	1597
1	7	45	25
2	52	4	21
3	1219	30	14
4	43	23	7
5	21	41	3
6	5	43	23
7	6	1147	25
8	1637	25	7
9	23	7	43
10	1621	6	24
11	2085	14	32
12	21	1898	3
13	24	1906	6
14	1899	21	5
15	1894	25	7
16	5	23	2968
17	21	2021	5
18	2550	21	3
19	1832	7	25
20	3	21	41
21	2188	14	36
22	21	5	1635
23	5	23	2520
24	43	7	25
25	25	1993	7
26	1316	25	6
27	41	21	4
28	26	8	48
29	6	1912	25
30	41	21	4
31	2010	25	8
32	1736	9	33
33	43	6	23
34	5	23	43
35	1363	7	25
36	10	46	26
37	7	25	1365
38	1873	23	7
39	5	2042	23
40	5	43	23
41	42	1729	24
42	41	21	5
43	2003	21	5
44	1893	23	6
45	5	23	2837
46	41	21	5
47	21	5	2316
48	1624	5	23
49	6	24	1745
50	1521	5	23
51	1582	7	25
52	42	2122	25
53	2218	5	23
54	23	7	1114
55	3	21	43
56	3	21	2921
57	21	5	795
58	23	707	7
59	7	45	25
60	21	1295	5
61	7	3334	23
62	23	5	47
63	59	7	2065
64	2055	23	5
65	21	3	68
66	21	1758	5
67	6	1929	25
68	29	1960	9
69	1845	5	23
70	21	3	3083
71	21	5	1303
72	7	23	1980
73	23	1890	7
74	1370	5	23
75	962	25	7
76	23	67	7
77	1826	5	23
78	1603	5	27
79	21	5	1611
80	5	22	1108
81	21	3	3007
82	5	51	27
83	1877	5	23
84	1779	3	21
85	25	7	2372
86	3	58	21
87	45	25	9
88	41	21	5
89	5	1731	21
90	25	7	1258
91	2349	4	23
92	21	41	5
93	21	2579	3
94	3	1601	23
95	41	5	21
96	46	62	7
97	23	1741	6
98	23	3	1672
99	48	28	2005
100	1476	7	27
101	967	26	8
102	25	7	2064
103	25	45	6
104	3	21	1734
105	22	43	5
106	23	43	7
107	21	5	41
108	2040	21	5
109	21	3	1715
110	55	6	37
111	42	22	5
112	5	43	23
113	1573	7	25
114	25	6	45
115	1046	26	10
116	7	23	1565
117	25	7	3353
118	1467	7	25
119	1603	23	7
120	23	1642	4
121	7	25	1517
122	40	2089	24
123	7	1539	25
124	23	7	3053
125	5	23	1854
126	43	25	7
127	23	2680	5
128	43	23	5
129	3	41	21
130	1490	21	5
131	1249	5	22
132	5	2919	23
133	1847	22	5
134	5	23	1432
135	1684	7	25
136	1798	5	21
137	2053	5	21
138	93	107	1910
139	22	5	1973
140	1837	48	68
141	1890	63	37
142	25	7	1858
143	21	3	1785
144	7	23	45
145	23	43	7
146	5	43	23
147	2066	7	25
148	22	2029	5
149	2846	5	23
150	24	6	2443
151	1622	5	23
152	1592	7	25
153	23	5	43
154	25	7	1481
155	23	5	2027
156	23	1532	7
157	1771	4	23
158	21	1999	5
159	45	25	9
160	41	21	5
161	3	22	1902
162	3	21	1656
163	44	6	24
164	21	4	1556
165	63	3	45
166	1890	23	7
167	45	5	23
168	23	7	1671
169	43	6	23
170	3	1072	21
171	25	6	45
172	25	7	45
173	7	45	25
174	5	21	1588
175	43	3	23
176	1530	21	5
177	1991	5	23
178	1026	9	27
179	5	1860	23
180	23	5	1380
181	22	3	42
182	5	21	1515
183	42	3	22
184	22	43	5
185	25	7	1999
186	21	5	1854
187	1821	7	27
188	77	1665	61
189	1616	32	16
190	2678	25	7
191	319	7	1905
192	27	2077	8
193	25	46	6
194	7	25	1442
195	7	47	27
196	8	1357	26
197	160	142	705
198	25	7	47
199	3	1612	21
200	22	3	42
201	7	1350	23
202	1972	5	23
203	3136	23	4
204	23	3107	7
205	21	1918	5
206	23	2636	7
207	21	3	1963
208	1837	23	7
209	27	7	1108
210	1950	21	5
211	1803	6	24
212	23	1699	7
213	21	2042	5
214	23	5	1519
215	23	1144	7
216	4	23	1391
217	25	7	1581
218	5	3016	23
219	1795	3	23
220	3	21	2603
221	1920	25	6
222	21	3	2028
223	49	29	7
224	41	21	5
225	1582	25	7
226	23	7	2083
227	5	22	2535
228	1873	5	23
229	1616	31	53
230	97	2065	80
231	45	25	6
232	5	21	1072
233	25	49	7
234	7	1821	25
235	3	21	1243
236	3	27	48
237	23	1715	7
238	1733	23	7
239	21	3	1697
240	56	25	2098
241	43	5	23
242	8	24	1899
243	7	43	25
244	23	66	5
245	1905	5	23
246	1449	7	25
247	3	887	21
248	25	1890	8
249	12	29	2083
250	43	31	61
251	6	25	1796
252	7	23	43
253	2368	21	5
254	23	45	5
255	1122	25	7
256	5	23	2734
257	25	1511	8
258	4	23	1571
259	23	1618	7
260	24	1528	6
261	21	5	1695
262	5	1843	23
263	7	23	1515
264	43	23	6
265	23	1991	7
266	33	15	2085
267	21	41	5
268	22	42	5
269	23	43	7
270	1462	5	23
271	53	33	15
272	6	25	1357
273	5	3261	21
274	6	24	2210
275	2056	4	23
276	23	1755	7
277	1484	23	6
278	21	5	1455
279	2834	4	21
280	1877	22	5
281	6	23	43
282	25	7	45
283	21	3	1927
284	2642	7	29
285	2585	7	23
286	25	7	1521
287	7	1173	25
288	1311	25	7
289	2199	23	5
290	43	5	23
291	23	1487	5
292	1642	139	121
293	2345	5	23
294	1892	5	23
295	5	43	23
296	48	6	24
297	23	43	7
298	7	23	2012
299	2563	24	6
300	150	95	115
301	7	2037	25
302	24	1507	8
303	42	24	2090
304	25	1586	7
305	41	3	21
306	38	20	2100
307	23	5	3017
308	2063	7	23
309	195	7	179
310	7	25	1267
311	5	25	1771
312	7	27	51
313	25	45	7
314	25	6	2025
315	23	1461	5
316	943	5	23
317	2317	6	25
318	21	41	5
319	3810	25	7
320	23	7	1882
321	1912	23	7
322	1593	23	6
323	56	39	3
324	49	69	37
325	3	21	1706
326	43	6	24
327	2908	3	21
328	1369	7	25
329	45	7	25
330	1595	5	25
331	5	1710	23
332	5	23	1848
333	23	47	5
334	5	1768	23
335	21	3	1699
336	2008	3	22
337	23	5	1601
338	23	5	731
339	2053	3	21
340	6	1944	24
341	5	23	45
342	21	3	2474
343	21	5	43
344	5	23	43
345	5	23	2025
346	1271	23	5
347	21	3	2315
348	1637	3	21
349	23	1894	7
350	6	1693	24
351	21	1323	3
352	43	7	25
353	1565	3	21
354	9	2202	27
355	23	5	2621
356	5	3097	23
357	5	23	2053
358	1928	23	5
359	5	23	2017
360	21	3	2083
361	21	41	5
362	868	5	21
363	77	57	3044
364	7	2366	25
365	1818	5	23
366	45	7	25
367	7	23	1405
368	5	21	58
369	1775	23	6
370	7	45	25
371	6	23	1830
372	2957	7	25
373	25	95	6
374	41	4	21
375	7	43	23
376	7	45	25
377	45	3	25
378	7	23	1838
379	41	5	23
380	3	21	1775
381	41	21	3
382	3	1925	21
383	3	21	1337
384	21	5	1761
385	25	45	7
386	5	1847	23
387	23	1623	6
388	43	23	7
389	4	1321	23
390	3	41	21
391	45	25	8
392	617	5	23
393	6	63	25
394	1432	6	23
395	24	44	6
396	22	1888	5
397	23	7	1221
398	23	1406	7
399	3	22	1628
400	25	1210	7
401	43	23	7
402	8	26	2013
403	21	41	5
404	5	65	23
405	23	5	43
406	21	5	47
407	2799	23	7
408	43	25	7
409	5	21	2831
410	22	5	42
411	4	64	2253
412	25	5	1142
413	43	23	7
414	7	23	2203
415	24	6	44
416	103	7	78
417	23	43	7
418	10	28	3061
419	2098	53	37
420	44	24	4
421	7	23	45
422	25	7	47
423	26	8	2077
424	3	21	1443
425	49	1899	31
426	42	5	23
427	3	1789	21
428	5	23	2668
429	43	23	5
430	1624	23	5
431	4	23	2015
432	7	45	25
433	5	1909	23
434	1523	5	23
435	5	23	1483
436	43	7	25
437	3	21	41
438	45	1164	27
439	25	1955	7
440	79	2703	61
441	5	23	1849
442	1470	3	21
443	23	7	45
444	7	25	2007
445	2604	23	7
446	43	5	23
447	31	75	53
448	6	1719	24
449	7	1764	25
450	72	52	7
451	1907	7	25
452	1640	23	5
453	23	5	43
454	1749	3	21
455	7	43	23
456	6	23	1728
457	2754	7	25
458	47	5	27
459	3	1479	21
460	1871	3	25
461	3	43	21
462	7	1868	25
463	23	1703	5
464	7	2503	23
465	73	20	38
466	7	23	1810
467	5	21	2681
468	5	21	1391
469	5	21	246
470	21	5	1779
471	6	23	1458
472	21	1141	4
473	3	21	1612
474	23	2164	5
475	1260	21	3
476	6	44	24
477	2771	7	25
478	7	23	1630
479	7	1783	25
480	23	1504	7
481	43	23	7
482	7	1706	55
483	5	43	23
484	2085	9	27
485	4	1777	23
486	49	7	25
487	45	25	9
488	3	1942	21
489	1940	26	8
490	2008	3	21
491	23	7	2025
492	7	53	33
493	1607	7	23
494	3	41	21
495	3	21	41
496	5	41	23
497	1571	7	25
498	5	41	23
499	23	934	7
500	6	23	1934
501	6	1346	24
502	47	23	5
503	21	3	60
504	25	7	1950
505	21	1654	5
506	1996	23	4
507	1672	3	21
508	21	5	2062
509	25	6	337
510	25	45	7
511	25	7	1892
512	23	5	43
513	3	21	1320
514	7	23	1778
515	362	23	5
516	1860	25	8
517	23	6	1854
518	6	2152	25
519	7	716	23
520	1712	25	7
521	1992	23	7
522	1712	3	21
523	1845	34	11
524	2895	23	7
525	5	1916	23
526	21	2917	4
527	23	1196	7
528	5	1251	23
529	6	23	43
530	23	1667	5
531	23	7	1789
532	2561	21	5
533	23	7	1506
534	5	23	1978
535	25	7	2044
536	21	3	1875
537	25	7	1192
538	23	1233	5
539	1730	23	5
540	6	23	44
541	21	2674	5
542	23	2125	5
543	7	23	1652
544	6	23	43
545	5	47	23
546	23	43	7
547	23	1431	7
548	1841	3	21
549	23	1333	6
550	6	23	45
551	24	1593	8
552	7	43	25
553	21	5	1468
554	5	1591	23
555	23	2026	6
556	5	21	1701
557	5	23	43
558	25	7	1930
559	6	1387	24
560	41	21	3
561	23	5	1487
562	45	25	7
563	5	23	2694
564	25	45	7
565	5	1718	23
566	21	1826	4
567	23	1550	7
568	1832	25	9
569	23	1215	5
570	6	24	1792
571	23	2044	7
572	36	7	54
573	1320	21	5
574	7	47	25
575	23	5	43
576	24	6	44
577	23	1410	7
578	1728	21	5
579	7	25	2000
580	1903	3	21
581	7	23	1883
582	1489	5	25
583	45	25	7
584	7	1404	23
585	5	23	43
586	21	3	1528
587	10	49	29
588	1898	7	23
589	5	23	1793
590	7	30	52
591	41	5	23
592	1845	23	6
593	5	23	1573
594	5	41	23
595	23	7	45
596	836	7	28
597	1693	5	21
598	7	25	1620
599	24	3639	6
600	21	1552	4
601	21	41	3
602	27	47	9
603	4	21	1529
604	43	6	24
605	23	1159	7
606	5	1470	23
607	1967	23	7
608	21	5	45
609	7	43	23
610	12	30	2086
611	2021	21	5
612	1544	4	23
613	53	25	7
614	7	25	1536
615	1682	23	7
616	23	2012	7
617	7	25	64
618	7	1556	23
619	3	21	3855
620	50	23	7
621	1611	21	5
622	5	2158	23
623	21	5	1689
624	3	22	1583
625	41	21	5
626	2010	7	25
627	25	45	7
628	5	23	83
629	6	43	25
630	23	1680	5
631	4157	33	17
632	1839	5	23
633	5	1209	23
634	2940	21	5
635	6	24	44
636	1892	7	25
637	7	1517	25
638	7	1286	25
639	1792	29	47
640	23	2379	4
641	7	25	2034
642	5	23	43
643	23	5	1355
644	66	50	7
645	1654	23	7
646	44	6	24
647	43	23	7
648	3	3013	21
649	2162	5	23
650	7	23	45
651	25	7	45
652	3	21	1352
653	7	25	45
654	5	1680	23
655	1986	21	5
656	1078	23	5
657	21	3	874
658	21	5	1219
659	5	2053	21
660	1213	21	3
661	24	1670	6
662	21	2741	5
663	23	43	5
664	25	1944	5
665	2512	5	23
666	1459	5	21
667	2908	7	23
668	23	43	5
669	23	467	7
670	25	5	760
671	23	1970	6
672	5	23	43
673	21	3	41
674	11	29	2085
675	2023	21	5
676	7	25	1605
677	6	1972	24
678	2032	7	23
679	5	23	1976
680	23	4	1672
681	23	7	1742
682	2042	25	7
683	1568	23	5
684	45	7	25
685	29	7	1093
686	5	1487	23
687	43	6	24
688	23	2540	5
689	43	23	5
690	7	45	25
691	23	1594	7
692	1843	25	7
693	21	579	5
694	4	43	23
695	20	1678	38
696	7	1952	23
697	1927	7	23
698	71	24	51
699	44	24	4
700	7	1999	23
701	23	7	1867
702	658	5	21
703	25	1172	7
704	1097	21	5
705	21	1599	3
706	1535	23	6
707	1655	3	21
708	23	956	7
709	23	43	7
710	1745	7	25
711	25	2027	9
712	23	43	7
713	23	5	1733
714	6	2032	25
715	21	3	2054
716	21	5	1929
717	5	23	1860
718	21	1676	5
719	7	2021	25
720	2263	23	5
721	7	47	25
722	23	2889	7
723	4	23	43
724	7	27	1377
725	43	7	23
726	103	74	5
727	6	1935	23
728	23	47	5
729	23	7	1078
730	41	21	5
731	2854	21	5
732	3	21	41
733	1978	23	7
734	23	7	1734
735	8	1882	27
736	21	1630	5
737	45	25	5
738	43	7	23
739	45	7	25
740	23	1807	7
741	5	23	43
742	23	58	5
743	1609	25	7
744	7	25	45
745	43	21	5
746	1832	25	9
747	21	3	2192
748	45	23	7
749	7	2288	29
750	2004	5	23
751	1504	7	25
752	1974	3	21
753	4	41	23
754	5	1644	23
755	2087	26	44
756	24	1846	6
757	1627	5	23
758	7	43	25
759	2029	7	25
760	23	5	1772
761	23	5	45
762	50	27	7
763	6	25	1441
764	1931	21	5
765	21	40	3127
766	7	23	43
767	23	47	5
768	1404	23	5
769	23	1753	5
770	6	24	1329
771	57	22	5
772	5	1108	23
773	1297	21	5
774	27	836	7
775	43	5	23
776	52	35	5
777	6	3026	24
778	41	21	5
779	21	3	1241
780	60	21	5
781	1597	4	23
782	1672	21	5
783	765	21	5
784	23	43	7
785	45	6	25
786	21	1725	5
787	25	1112	7
788	5	23	43
789	4	44	23
790	7	60	44
791	4037	7	23
792	1492	23	7
793	1812	7	25
794	23	5	2025
795	1933	7	25
796	5	1472	21
797	3	38	56
798	7	23	1369
799	21	5	41
800	6	23	1663
801	23	1539	4
802	1370	21	3
803	21	5	1391
804	21	3	849
805	5	2794	23
806	1723	7	23
807	43	23	7
808	5	2028	21
809	7	23	43
810	1975	23	5
811	22	1373	5
812	25	6	45
813	43	23	7
814	45	25	7
815	51	29	9
816	5	21	2953
817	1877	23	7
818	3	21	1404
819	21	2056	4
820	21	3	1594
821	4	23	48
822	4939	25	9
823	3	21	1687
824	23	6	43
825	25	1905	7
826	62	7	25
827	5	441	23
828	25	1690	7
829	41	3	23
830	25	7	45
831	1939	7	25
832	45	29	2100
833	21	3	2053
834	23	1695	7
835	2593	21	5
836	23	1849	5
837	7	125	104
838	2612	5	21
839	1473	25	7
840	41	3	21
841	5	56	23
842	25	47	8
843	1614	5	23
844	5	21	1798
845	47	7	27
846	1988	5	21
847	24	6	2615
848	23	2274	5
849	22	5	42
850	7	58	42
851	23	5	1639
852	23	6	44
853	1434	5	23
854	7	23	1860
855	23	7	1740
856	6	26	648
857	2317	21	5
858	21	5	1873
859	1207	94	76
860	20	2093	38
861	3	56	38
862	3	1984	21
863	5	1408	23
864	21	1690	5
865	5	1395	23
866	25	7	47
867	62	3	21
868	21	5	1882
869	3	46	25
870	5	1215	25
871	24	2942	42
872	24	1779	8
873	1909	7	25
874	7	1942	25
875	40	3	21
876	23	5	43
877	1712	3	21
878	2765	23	5
879	7	25	1943
880	23	1531	6
881	3015	23	7
882	2049	5	23
883	60	44	7
884	5	2042	23
885	62	23	5
886	27	47	7
887	25	5	3034
888	23	43	7
889	1507	5	23
890	41	5	21
891	21	1581	5
892	5	21	41
893	7	25	2436
894	654	5	21
895	32	2089	14
896	23	4	3043
897	1528	23	5
898	6	46	26
899	7	2049	25
900	5	1528	23
901	5	1918	23
902	23	6	43
903	21	5	1807
904	7	25	45
905	42	3	22
906	21	41	5
907	43	23	5
908	7	43	25
909	25	47	9
910	908	7	25
911	3	1674	21
912	5	1733	23
913	21	1393	3
914	21	1942	4
915	43	25	6
916	23	43	7
917	22	5	3028
918	21	41	5
919	1230	5	23
920	45	1368	23
921	41	3	21
922	58	21	5
923	7	23	1978
924	6	1871	24
925	1536	25	7
926	7	31	2893
927	2900	24	6
928	2747	3	21
929	7	45	25
930	1802	21	5
931	25	2780	5
932	7	2030	25
933	5	23	1674
934	5	43	23
935	5	23	1168
936	2050	5	23
937	25	45	9
938	1695	23	7
939	23	1653	7
940	21	5	41
941	2614	7	51
942	7	1798	23
943	25	830	7
944	23	43	6
945	1600	7	25
946	23	2056	6
947	24	6	44
948	1903	23	6
949	41	5	21
950	5	43	23
951	3	107	125
952	43	23	6
953	1153	19	3
954	21	1293	5
955	21	1689	4
956	7	1620	25
957	6	25	45
958	1760	7	25
959	45	25	8
960	1541	5	23
961	45	7	25
962	21	2038	5
963	21	41	5
964	23	43	7
965	23	45	5
966	25	7	471
967	23	43	7
968	23	49	5
969	6	2040	26
970	29	49	9
971	42	22	5
972	5	23	1995
973	21	1423	5
974	23	5	1526
975	2713	21	5
976	135	115	5
977	1436	26	8
978	1947	3	22
979	23	7	2029
980	5	21	1804
981	1681	21	4
982	41	21	5
983	1301	23	7
984	23	975	7
985	7	1930	23
986	127	23	7
987	1540	5	23
988	42	3	22
989	7	25	1704
990	21	1877	3
991	1198	7	25
992	5	1815	25
993	7	45	25
994	21	3	1127
995	7	25	1654
996	913	75	93
997	26	46	6
998	23	5	1429
999	7	25	1543
