Reaction test v3
type    A+B+C
number  1000

max value       65536
unit    us

test    A       B       C
0       3       13404   1603
1       3       25016   587
2       5       8513    16935
3       16563   41352   4063
4       6349    2201    3436
5       11293   28884   8176
6       3       7354    27481
7       26029   34372   9834
8       41372   6260    16531
9       20370   10165   7
10      38081   14901   5007
11      7427    4525    17386
12      1195    26171   5342
13      26252   13724   5437
14      8947    11931   18538
15      29239   21064   4318
16      16172   7396    15698
17      5       4595    31150
18      5       28269   17372
19      24380   16077   7
20      12366   4068    37239
21      25386   4730    17249
22      18663   5       12666
23      16105   20301   9
24      5429    2418    19026
25      15542   23906   8967
26      27697   18256   23654
27      6470    18456   9785
28      36113   15363   5
29      15895   5       25549
30      10020   26710   14315
31      26725   1912    35156
32      12211   22590   15713
33      26774   30800   5
34      4231    10036   33332
35      27289   1167    5487
36      4047    28910   24863
37      22472   8       39073
38      31433   9793    14868
39      13159   6       33993
40      21578   30053   7128
41      36336   40476   633
42      46530   5124    34199
43      11944   7054    5
44      18970   27214   10608
45      7014    15325   9642
46      830     9170    50535
47      9562    22041   34494
48      106     4255    20852
49      6349    20533   3890
50      14893   6       19038
51      4       26951   2023
52      26897   6159    31007
53      1534    22348   3819
54      14311   5871    4
55      6643    37667   323
56      17188   4       8946
57      16433   20675   8
58      11091   8890    29771
59      26156   5483    22005
60      21400   35233   14351
61      29433   21203   6
62      5       40773   7757
63      36320   7338    11554
64      18060   24633   29591
65      26207   9       1137
66      8669    33523   25234
67      5201    30100   17701
68      18743   5240    43584
69      27450   5       9287
70      14107   8473    1574
71      5       12535   20884
72      36740   2088    10652
73      10673   35959   5
74      38482   5       17826
75      16243   5       33324
76      481     25339   16988
77      7       8496    2238
78      24327   32500   20072
79      16125   16700   6
80      13426   6144    26891
81      24788   28933   5
82      22935   17272   31905
83      42442   4547    87
84      2346    6       7130
85      39075   14380   5
86      16900   30090   13360
87      37114   3873    32924
88      17083   29593   12942
89      25512   29655   17234
90      17735   7       34258
91      33648   17033   8768
92      11743   736     14876
93      7       696     34993
94      1411    26284   9781
95      3704    28581   32732
96      10620   39682   7
97      22833   2005    14563
98      39553   10616   31219
99      17699   30154   13380
100     11773   17597   3494
101     7       30423   26243
102     17527   13305   9145
103     8167    7076    2963
104     23336   19305   15160
105     19592   15492   7130
106     8201    6689    31618
107     5171    31678   1493
108     1752    14196   24148
109     35117   6089    30970
110     26162   18367   21989
111     22312   34687   30606
112     9104    16260   13266
113     9417    22308   17687
114     24906   41471   8268
115     30598   9931    18216
116     10766   26475   6
117     29318   8572    14553
118     12541   5       31223
119     4281    16774   1079
120     8530    13770   30438
121     1560    38813   11078
122     27829   14378   11137
123     9627    5452    20740
124     29843   5       25615
125     10427   21753   9237
126     13014   54385   50279
127     9       39859   19289
128     20321   7883    28771
129     5       16811   4185
130     5377    16454   34416
131     28940   19678   11930
132     9944    13965   1531
133     4478    8506    8
134     16307   11142   8242
135     32322   7       11617
136     6       8706    25160
137     14200   1790    21298
138     36303   32269   19773
139     7472    4384    37588
140     34691   18113   5677
141     8450    29280   16913
142     38222   11588   888
143     9063    43020   18173
144     39858   6       14998
145     11825   13529   28510
146     37743   17031   4567
147     7527    24159   36549
148     21654   7       5530
149     15951   16301   11821
150     17869   4       48434
151     2974    36045   5
152     5942    2965    19545
153     8418    26353   13946
154     10100   13902   34982
155     11458   32195   3376
156     5       16508   33082
157     1467    33793   7
158     7529    2264    24071
159     26952   22833   1147
160     12521   9818    7
161     34157   9157    17450
162     12904   33604   4627
163     31534   404     19204
164     16237   5125    1057
165     39017   10148   3374
166     1715    22599   4058
167     5995    9782    1872
168     4358    12579   293
169     25831   2532    34080
170     10662   14768   16588
171     7       1803    22515
172     7610    15744   11684
173     766     29889   25944
174     23368   10947   2670
175     16247   3831    5
176     4074    36606   20003
177     5411    5       22010
178     33648   29528   4729
179     2517    35692   11520
180     18076   7       22234
181     40678   11738   7
182     11168   23739   7004
183     3       3471    40738
184     14756   8296    14301
185     4       31304   2273
186     21319   7989    17061
187     3895    37228   11953
188     28101   11533   24102
189     85      29269   7
190     33041   8176    28923
191     14865   19014   10713
192     17470   29930   9129
193     30722   34772   22391
194     7       246     25195
195     33729   8       15713
196     18615   39329   1988
197     19031   7       6587
198     10002   31727   7
199     29493   5       12925
200     9887    3966    37286
201     434     9146    7
202     10624   5592    7
203     10786   13735   6643
204     532     12965   8864
205     30064   1093    34236
206     5       8651    319
207     12389   20644   16536
208     26868   1958    5
209     269     9095    3478
210     7       8189    33186
211     23445   40016   15192
212     27899   3011    32068
213     6809    31736   2669
214     19284   5       15224
215     2262    27285   7
216     29477   483     25463
217     14316   17696   9413
218     38241   34193   8345
219     13583   5309    26182
220     23032   3265    15647
221     23449   19298   27493
222     31084   26978   39333
223     37860   29779   5949
224     15246   6968    16164
225     7       26994   22889
226     31657   15132   9693
227     16806   5       4394
228     38554   5       5380
229     1420    5       7676
230     29845   25741   3637
231     5       37942   21478
232     8222    6       20594
233     29959   21695   4020
234     1634    34839   22487
235     4103    379     41353
236     17032   29484   19600
237     13956   12189   26441
238     3       22228   2159
239     1413    13654   34590
240     3707    20274   9
241     32473   4       28333
242     9880    26357   7
243     38951   9479    18213
244     13816   40976   28631
245     7       2567    35790
246     17532   25806   5085
247     33350   1750    29346
248     8087    12890   5
249     9257    5448    5
250     15444   44527   7212
251     37294   16329   24764
252     5       1266    21056
253     31265   27122   884
254     5       43879   31472
255     9403    17861   5264
256     4139    8301    7
257     4       7530    36982
258     24030   36493   11624
259     5       44692   3310
260     39466   9616    22991
261     13793   26237   7
262     3       20959   29271
263     26471   7       19011
264     23891   20528   11433
265     52470   35955   27725
266     3       21716   13626
267     28032   15622   3131
268     30205   26047   13652
269     3432    40106   27589
270     16083   11858   6
271     8798    468     37744
272     16512   31115   10400
273     17130   8883    33729
274     1000    7       16078
275     5       22702   10296
276     41469   24827   8238
277     35034   14348   10190
278     23826   11354   4063
279     7808    41107   28557
280     3       37160   33002
281     7910    20385   16167
282     3043    15388   11260
283     24350   45036   32637
284     24728   7990    37155
285     30431   18011   9640
286     9612    3       23679
287     36264   5021    32262
288     7714    12061   2845
289     3566    10797   7732
290     19691   3226    7198
291     12143   41540   6
292     28807   3933    7017
293     5       42032   29652
294     34298   1119    38447
295     13128   18467   10151
296     965     40980   7882
297     1009    9328    26026
298     20757   4142    8251
299     10280   1980    18563
300     23517   35840   8
301     9       11570   19847
302     11609   7       19973
303     8649    29445   17001
304     36973   9859    3882
305     1921    43901   14933
306     31716   6864    15141
307     3865    36639   32466
308     4469    16892   14224
309     6818    19166   2636
310     22406   1533    18131
311     5672    34730   1546
312     32965   5       20648
313     6417    22157   5
314     5603    17985   1494
315     6683    23197   2543
316     23869   3209    19731
317     10101   31228   7
318     21692   14421   5
319     20558   1934    26751
320     19226   15179   31589
321     6960    3       15251
322     12290   4098    21664
323     5       27300   18312
324     18593   8990    774
325     3556    7       32668
326     9598    4013    980
327     4506    22946   39388
328     51664   47472   29
329     23724   19658   1915
330     5074    7       29970
331     17814   8144    834
332     18156   24714   8069
333     5       9017    34278
334     12383   41411   9656
335     2826    9       15257
336     30290   26243   6
337     9130    7449    14771
338     4474    8599    5
339     10912   23368   15089
340     30106   34185   5
341     3665    7806    8548
342     4765    25335   7
343     19871   2475    15608
344     414     4568    8745
345     5       610     33892
346     9512    13805   3248
347     20562   37189   16394
348     36140   5875    27809
349     5       17230   21405
350     4764    8907    9825
351     2725    27646   6894
352     35518   10420   11511
353     19002   39709   2478
354     33585   12937   29640
355     6       14074   38208
356     42503   9387    3868
357     13603   26043   5311
358     14074   5       26439
359     6667    39894   14965
360     32274   15683   3277
361     8       13007   17081
362     38445   1162    9501
363     8406    5245    17690
364     23240   3241    15621
365     20822   3       28789
366     8587    29715   13114
367     5       18217   5828
368     28842   14189   3900
369     581     21330   17208
370     32858   469     5
371     234     6938    40063
372     23763   11308   7
373     4796    7       1964
374     38209   4696    7795
375     20722   12431   8330
376     21099   16900   361
377     14435   10311   2054
378     14957   23219   6693
379     37451   24      16791
380     13177   19169   31603
381     25831   29940   946
382     5       3683    20293
383     24924   28966   8
384     9802    18117   26451
385     28914   50      8275
386     11124   21833   31967
387     15091   5       31703
388     34265   8906    957
389     14206   22381   34802
390     3       5086    15355
391     35845   5       23555
392     189     11680   28247
393     26578   1792    18300
394     5537    26280   7
395     20156   28421   11838
396     32555   6       24257
397     14179   26597   5846
398     3890    28776   32885
399     12974   33647   9
400     37390   16618   25030
401     17135   29462   25394
402     2115    18698   14547
403     40444   12687   11519
404     10120   34044   25797
405     3295    7444    32319
406     31817   27678   7976
407     5       31451   14894
408     2345    6552    27190
409     30107   5177    5969
410     13846   23121   27180
411     27207   35456   7
412     1177    9481    17796
413     39963   5       6833
414     7643    6       15886
415     13342   9187    21531
416     26777   5       26393
417     4       5651    4029
418     9850    5       30780
419     36849   28489   19372
420     16375   12258   3962
421     9330    5164    7
422     1909    5       39994
423     3702    12073   7750
424     8041    17340   16270
425     3541    24390   13504
426     3265    11563   7483
427     37776   33732   8952
428     7       41352   8294
429     15948   20140   24305
430     5       40828   1964
431     20060   10374   44764
432     29781   10491   1848
433     2785    21951   7
434     5       4124    33832
435     26707   24122   15867
436     17313   26100   5553
437     5795    14470   26595
438     3       35662   10738
439     15797   7394    32473
440     36806   28427   3608
441     26882   39306   6159
442     4029    14959   24894
443     7       12692   8744
444     3369    19909   11654
445     28547   3104    40957
446     11635   28263   20042
447     11841   3468    35758
448     27251   18556   12594
449     7       37659   385
450     10228   6104    26851
451     40483   36370   11435
452     15076   13560   9415
453     40704   24248   5905
454     7       25249   5571
455     8       7721    25209
456     23098   6397    10219
457     5895    33311   9
458     15234   19342   12168
459     30021   6827    10970
460     22663   10562   10151
461     35277   18727   26993
462     17188   611     8894
463     5401    30415   5
464     5615    13583   30483
465     17896   9596    38546
466     37159   28964   15015
467     30409   34498   26159
468     10186   20008   14328
469     10106   5       14296
470     1904    55573   5976
471     6066    14398   1881
472     35625   31620   785
473     8130    3985    37305
474     4334    29253   11629
475     31893   36103   40246
476     6       6058    10891
477     14107   22403   18289
478     26683   6265    5
479     3068    37417   16868
480     279     12726   25172
481     28334   4       11636
482     2695    22549   14310
483     27640   6920    40116
484     26544   30725   6
485     7       1969    21579
486     27776   3       23688
487     15471   29353   12706
488     3084    15546   23839
489     20670   45618   5
490     21600   9103    3605
491     379     5       6302
492     5226    17663   9
493     14222   1822    5944
494     25074   213     12698
495     24418   7851    3867
496     17888   7       31988
497     2963    40351   23649
498     7841    3610    36793
499     7       11361   5601
500     4246    24032   48817
501     23215   27355   10830
502     11743   14429   24274
503     12051   24463   16136
504     39439   6121    7
505     151     13031   4695
506     38858   26486   34666
507     10187   6       11495
508     23084   31494   27216
509     40581   5       3260
510     8671    13377   17526
511     3892    7       5158
512     21034   17708   13479
513     37007   24492   8
514     3076    40440   3995
515     1411    17182   5603
516     13624   5452    9547
517     18444   2059    14423
518     27879   3136    15512
519     28305   32464   20109
520     29390   25292   12875
521     20654   16556   33117
522     29031   33195   24927
523     7       21936   5234
524     35302   1091    26881
525     35188   18627   31007
526     7       30257   4396
527     35087   15539   6093
528     8476    25041   21065
529     34603   11759   9676
530     15348   11235   2930
531     20326   16163   12046
532     19766   14735   39553
533     30988   22784   10293
534     445     25318   1373
535     307     16925   29286
536     31089   6290    14524
537     14094   30841   6
538     1207    53419   3844
539     27864   9842    6
540     18215   22260   9
541     6959    11082   31985
542     33023   16435   3
543     7349    36335   19879
544     4577    2410    33637
545     30528   13413   16763
546     2184    22962   35331
547     12688   7       5365
548     7916    20380   36939
549     15102   31744   2589
550     33365   186     9
551     11819   3461    24246
552     35880   23357   15014
553     12677   4       33403
554     26089   13628   5364
555     1801    30803   22626
556     21525   9160    7
557     4651    33708   21274
558     9709    8       26338
559     5       26554   14151
560     32115   19731   7158
561     24021   7       36506
562     10072   30975   22572
563     34820   9942    5829
564     17664   34228   26007
565     22437   7       30707
566     9828    22463   18190
567     7       9568    5375
568     36561   3254    7428
569     10103   22611   26625
570     3781    7936    20331
571     31670   9900    5
572     15181   7       32083
573     35283   10395   5002
574     1764    25240   2810
575     34503   29106   12447
576     21413   26803   5
577     17712   7524    34277
578     7394    11807   28007
579     22433   28385   5915
580     13015   3926    20468
581     23541   17234   8983
582     39279   3727    7849
583     35882   26714   22548
584     7       46682   1187
585     32044   3062    7
586     6911    19391   15263
587     5       8623    4482
588     31213   2202    7
589     7       11681   7506
590     7383    19903   15696
591     33731   537     5
592     24376   32715   28474
593     33673   4       497
594     5223    9259    13385
595     948     9266    13421
596     37028   7       3869
597     1777    5927    10084
598     36450   7       3368
599     1812    5993    10106
600     7308    11513   15739
601     11050   15235   19384
602     9518    13616   46843
603     948     9285    5045
604     4740    8838    13000
605     35430   2249    6390
606     20      6776    10869
607     33260   117     4377
608     4287    12595   16758
609     34116   5110    935
610     9161    21606   17534
611     6226    18748   14541
612     36617   28357   32448
613     29074   50      41362
614     5       6072    10273
615     9513    17763   21909
616     7       5926    9984
617     37198   4077    8244
618     5       7486    11657
619     11480   19812   24049
620     5       6787    10933
621     1653    9858    14081
622     8604    16953   21040
623     7146    15390   19492
624     29777   7       747
625     8323    16565   20670
626     33613   421     4532
627     3387    11740   20013
628     35136   1981    10330
629     12001   20425   28613
630     33131   4       4093
631     2469    10557   14741
632     35832   2713    6882
633     10302   18525   22728
634     27626   35758   6
635     35276   2172    10512
636     7       10306   14359
637     23952   32203   5
638     7705    20216   24367
639     37204   4036    12432
640     18048   26506   34673
641     34781   1574    9968
642     7434    15781   24143
643     6       3276    11630
644     8639    12793   21090
645     2745    6886    15190
646     32125   36375   3063
647     32770   36927   3755
648     6713    10930   23448
649     27891   27      40320
650     35915   4       6908
651     6526    10514   18881
652     28936   32980   3952
653     9496    13757   26246
654     31073   35216   1992
655     32848   37005   3875
656     11334   15558   23942
657     29701   33889   804
658     6976    11102   15264
659     30226   34374   1237
660     1788    6046    14334
661     669     4815    8975
662     9046    13247   17396
663     29069   33190   152
664     6766    10857   23267
665     22463   26606   5
666     5       3681    16158
667     7535    11699   24184
668     20580   24674   37152
669     29324   33495   262
670     3       3711    16106
671     33841   5       25643
672     5       1756    10031
673     36232   3       11417
674     19091   23178   35644
675     3       2459    14942
676     7192    11281   23644
677     5       3793    16200
678     4842    13241   21500
679     29919   4       5006
680     5789    18278   26668
681     31421   2444    14879
682     35991   7003    19433
683     13559   26051   5
684     32880   3999    16388
685     10117   22521   35044
686     35456   6459    18872
687     16124   28507   5
688     6       6122    18566
689     28408   32551   3681
690     37190   6       8297
691     16638   20682   28871
692     19866   32327   5
693     9708    18044   22294
694     26935   35212   2001
695     37267   8219    12413
696     17871   21932   13685
697     31455   6627    10705
698     7       13395   17585
699     24692   3817    8041
700     9453    30213   34397
701     28170   15814   11592
702     6       23261   27476
703     31770   19257   15264
704     7       24233   15914
705     15510   3       36146
706     25010   8490    4306
707     5       19926   24036
708     26351   5534    9739
709     9766    34682   30529
710     32310   15818   11578
711     3       22306   18161
712     6       21330   17158
713     25672   9163    4923
714     16843   4356    7
715     3288    32334   24053
716     13793   1441    34545
717     16843   4401    7
718     12566   37373   33235
719     13922   4       34719
720     30796   14194   10058
721     7582    32434   28289
722     33602   21185   12870
723     12724   3       33480
724     5       21013   16791
725     32559   11797   15839
726     7       20517   24718
727     36215   19688   15524
728     8028    28861   32948
729     33635   8774    17072
730     13298   46331   50450
731     2508    19146   27525
732     11549   28077   36306
733     26529   1541    9861
734     5881    22446   30791
735     33317   8411    16709
736     14702   31372   7
737     2452    14855   27334
738     30502   26372   22223
739     27674   2851    11104
740     21426   33881   667
741     36883   3826    12111
742     18569   26964   35236
743     7       7587    15876
744     29910   5       5102
745     18086   26395   34688
746     31191   2171    10450
747     13487   25921   34191
748     19802   32282   3
749     27835   36113   3097
750     3       7396    15741
751     7       9327    17576
752     5       10982   19344
753     26087   3       5376
754     2504    15017   19050
755     26807   35120   6
756     5073    13513   17565
757     3455    11738   15858
758     595     8779    12950
759     8648    16956   21097
760     3560    11810   15966
761     5807    13988   18238
762     7       8655    4549
763     11322   23737   19551
764     28169   5       36409
765     13580   25999   21859
766     22891   35311   31170
767     22400   30705   34854
768     24610   36986   32813
769     4       5259    9459
770     32996   3953    12
771     12950   25524   21347
772     24513   36881   28698
773     6       9832    1511
774     914     13288   5055
775     5343    17761   9403
776     8138    16454   12313
777     7       6008    1902
778     5       11046   2851
779     6       1253    34486
780     18910   47891   10588
781     2569    14953   11003
782     5230    13584   1087
783     32546   7       28354
784     7489    11616   3318
785     7       1832    34871
786     9112    13268   17428
787     12549   16709   8367
788     785     9009    4879
789     5       7458    3255
790     4962    8985    13140
791     9457    13587   17760
792     31405   39636   7
793     9008    17381   13225
794     35430   31283   5
795     2307    3       6407
796     16852   25070   20976
797     36286   3073    6
798     13512   21815   17745
799     5283    13552   9422
800     6391    14733   10556
801     9462    17837   13637
802     5152    1012    9373
803     13146   8954    17317
804     9921    1610    5772
805     8369    4286    12512
806     13270   9041    17415
807     32789   36924   7
808     10118   5893    14233
809     10115   14209   18349
810     34616   7       1420
811     476     8756    4685
812     2195    10464   6383
813     33055   7       37202
814     14034   22373   18256
815     31463   7       35516
816     5594    13909   9655
817     9213    13437   17632
818     28900   37200   33107
819     4486    16906   8633
820     25742   6       29805
821     13833   26282   17971
822     23769   36137   27903
823     overflow
