Reaction test v3
type    A+B+C
number  1000

max value       65536
unit    us

test    A       B       C
0       25      6       63
1       5       23      15081
2       25      45      7
3       5       47      25
4       5       23      16260
5       7       11137   27
6       41      3       21
7       3       23      23813
8       31      7       13136
9       18405   27      9
10      5       34      52
11      28      7       50
12      23070   5       25
13      24025   7       31
14      47      25      5
15      25      12041   7
16      3       17479   23
17      19500   25      7
18      7       9615    25
19      30      6095    6
20      27      9653    7
21      29      51      7
22      7       27      49
23      40      7       10425
24      5       23      10744
25      7       27      47
26      25      5       11646
27      28      13888   10
28      3       11818   55
29      3       14366   27
30      3       17399   24
31      31      7       12298
32      15598   25      7
33      50      28      8
34      3       23      11778
35      6       12667   30
36      25      45      5
37      49      27      9
38      14095   31      9
39      41      21      5
40      5       22262   23
41      29      9       51
42      21380   7       27
43      23      5       14205
44      25      47      5
45      13835   24      4
46      23      7864    5
47      45      25      7
48      15157   24      4
49      23      45      7
50      14674   5       27
51      11306   23      5
52      7       19537   29
53      92      64      5
54      11149   27      7
55      24      11223   4
56      7       25      14721
57      25      7       11121
58      5       25      14818
59      12384   25      7
60      29      5       14398
61      5       23      10676
62      5       14218   23
63      27      3       50
64      21      3       14715
65      15246   27      7
66      5       8715    25
67      11421   5       25
68      5       27      9182
69      49      29      9
70      7       9888    25
71      25      15795   5
72      11405   4       23
73      25      5       18624
74      27      47      7
75      7       27      47
76      25      5       45
77      14025   30      6
78      19827   27      7
79      49      7       29
80      5       23      45
81      18932   5       23
82      43      23      5
83      49      9       29
84      50      6       30
85      26      6       12592
86      12923   7       27
87      26      6       9656
88      23      8224    5
89      27      5       48
90      49      7       27
91      3       14772   23
92      25      5       8630
93      9874    21      5
94      45      25      6
95      49      27      9
96      43      3       23
97      11111   4       26
98      5       45      25
99      12405   23      5
100     15980   25      6
101     59      37      14537
102     12954   28      8
103     10253   27      9
104     15463   5       25
105     3       41      23
106     25      5       23891
107     9021    7       31
108     23      17086   6
109     25      7       15936
110     4       9479    23
111     9051    7       38
112     41      5       23
113     6       26      18504
114     47      7       27
115     11004   24      6
116     27      7       6264
117     25      12264   5
118     3       23      15426
119     15196   25      6
120     23      16095   5
121     15768   25      5
122     31      5       12958
123     5       25      10438
124     23      43      5
125     27      10508   9
126     7078    5       27
127     76      12439   98
128     21018   5       36
129     27      8889    9
130     25      10376   5
131     26      6       9127
132     23      5       43
133     9       31      11111
134     15237   25      5
135     5       27      48
136     5       11321   23
137     8       48      28
138     12752   37      7
139     15739   5       25
140     11394   25      7
141     43      5       23
142     4       26      10861
143     47      5       27
144     5       9523    25
145     5       27      49
146     23      5       12971
147     25      7       77
148     25      5       11285
149     29      7       56
150     18729   26      6
151     5       13952   29
152     57      12485   37
153     49      27      5
154     5       45      25
155     16367   7       25
156     23      5       11265
157     16752   5       27
158     24      6       10031
159     23      5       5092
160     23      3       43
161     35      5       13090
162     6       46      26
163     9       13329   38
164     7       48      27
165     7       28      15742
166     6       28      21457
167     5       34      14578
168     5       25      45
169     12090   3       29
170     15199   25      7
171     45      5       25
172     29      9       11393
173     20233   23      5
174     3       14661   23
175     22      16133   5
176     23      5       16232
177     50      5       30
178     14272   5       25
179     6       28      50
180     8441    24      6
181     21      3       16101
182     47      25      5
183     10380   23      5
184     23      5       10308
185     29      14472   7
186     7230    25      7
187     45      25      6
188     9535    13      31
189     12716   7       31
190     9       27      8194
191     16526   5       31
192     6       8368    28
193     7       14168   29
194     27      7       47
195     23      10893   5
196     5       31      13273
197     27      10885   7
198     43      3       23
199     9013    5       28
200     5       8081    27
201     49      27      7
202     26      13470   5
203     7       14539   25
204     43      23      5
205     5       23      45
206     23      43      5
207     29      16961   7
208     25      47      5
209     48      7       27
210     5       25      47
211     5       25      21686
212     4       23      44
213     27      7       10663
214     49      25      5
215     5       47      25
216     23      43      5
217     5       25      45
218     39      6       14418
219     45      5       25
220     13924   27      7
221     13534   25      5
222     5       23      16172
223     43      23      5
224     5       15684   25
225     4       28      14251
226     26      9764    6
227     5       23      15516
228     3       23      43
229     5       49      27
230     10516   6       24
231     11421   23      5
232     5       23      11392
233     45      25      7
234     54      8       32
235     5       23      45
236     14739   5       26
237     4       23      10267
238     27      5       13082
239     16661   23      5
240     5       28      14173
241     25      7       11357
242     15813   28      6
243     41      21      5
244     28      52      5
245     27      7       12987
246     5       15546   23
247     25      17640   7
248     7       45      25
249     29      7       14516
250     14638   4       24
251     7       11934   25
252     5       25      13920
253     27      7       47
254     20544   23      5
255     6       15178   25
256     45      23      5
257     6       11604   25
258     6       46      26
259     30      7       52
260     7       25      14978
261     27      12864   5
262     14470   27      5
263     27      7       47
264     21106   8       28
265     7       14989   27
266     24      44      4
267     3       23      22224
268     27      7901    7
269     5       23      14409
270     7       27      17289
271     5       25      47
272     14126   23      5
273     6       50      30
274     41      5       63
275     5       25      7902
276     23      5       14662
277     6       15710   26
278     36      13800   5
279     16245   23      5
280     23      5       15275
281     8513    7       27
282     25      16421   7
283     25      16061   5
284     13435   25      5
285     5       43      23
286     27      11554   7
287     23      18718   7
288     25      7       45
289     5       47      67
290     13076   23      5
291     5       9360    25
292     4       22949   34
293     17003   5       23
294     5       15155   25
295     7       11098   27
296     5       13090   25
297     26      6       15832
298     10918   25      7
299     3       18123   23
300     45      25      8
301     11064   5       27
302     23      5       17702
303     23      14606   5
304     24      11510   6
305     4       43      23
306     51      29      5
307     45      25      5
308     7       27      12008
309     25      5       49
310     5       51      27
311     7       11147   27
312     29      51      9
313     23      19460   5
314     23      17708   5
315     48      5       26
316     7       27      11882
317     15693   4       23
318     12244   5       23
319     5       25      18113
320     31      5       53
321     47      7       27
322     7       27      9861
323     4007    27      7
324     7       27      49
325     23      5       13477
326     7       13600   27
327     7       14443   27
328     26      4       48
329     6       26      13308
330     11523   5       23
331     11736   7       31
332     10706   11      29
333     27      5       6639
334     3       23      45
335     7       51      29
336     3       24      12793
337     10853   7       29
338     43      5       25
339     5       10667   23
340     43      5       23
341     5       11890   25
342     23      5       45
343     29      5363    9
344     5       25      17363
345     24      46      6
346     10629   7       27
347     11604   29      9
348     43      23      5
349     22      66      46
350     31      7678    7
351     51      29      9
352     15473   25      5
353     9581    27      7
354     10795   7       27
355     16586   7       27
356     5       45      25
357     45      23      5
358     27      51      7
359     25      6       46
360     5       25      17235
361     27      7       19646
362     5       9381    23
363     24      5234    4
364     23      5       11420
365     29      9       12298
366     23      3       12909
367     41      20      13741
368     3       23      43
369     27      7       10999
370     23      5       15782
371     15407   5       25
372     7       25      45
373     25      7       12862
374     5       23      43
375     3       23      11460
376     7       27      50
377     4       73      101
378     25      45      5
379     32      6       13365
380     18783   28      7
381     7       29      12799
382     5       9547    28
383     23      5       43
384     6       20195   26
385     21      17361   3
386     12851   29      7
387     27      7       18210
388     28      5       14090
389     25      24088   7
390     5       43      23
391     14094   5       29
392     27      7       11154
393     6169    7       27
394     23      5       13264
395     5       25      10729
396     10337   25      5
397     23      5       11623
398     5       13179   28
399     23      19054   5
400     5       23      43
401     15995   25      6
402     10481   7       25
403     27      7       49
404     7       10676   25
405     6       24      16683
406     25      5       20199
407     5       23      16988
408     4       23      19295
409     5       47      25
410     3       7650    25
411     25      13790   7
412     21      12034   5
413     27      7       49
414     5       27      17252
415     9       27      11109
416     25      47      5
417     23      21793   5
418     17886   27      5
419     46      24      6
420     7       45      25
421     7       13325   34
422     4       14032   30
423     21589   5       25
424     47      5       25
425     14520   7       27
426     7       45      25
427     9       14775   33
428     25      3       47
429     16926   27      7
430     16207   5       25
431     46      26      8
432     5       14289   23
433     51      29      7
434     47      3       25
435     13508   25      5
436     12816   5       23
437     22022   7       27
438     24      11437   4
439     11349   21      5
440     15099   5       23
441     29      5       10993
442     27      11198   9
443     5       27      13228
444     13504   27      7
445     47      25      5
446     7378    5       23
447     26      46      6
448     10834   5       25
449     27      9       11998
450     17581   25      8
451     25      7       14904
452     15147   23      5
453     5       23      43
454     5       36      9638
455     5       47      27
456     5       49      27
457     46      25      5
458     38      19174   14
459     41      3       21
460     16046   25      6
461     29      7       49
462     9       33      12743
463     3       23      12313
464     25      15580   5
465     24      44      6
466     5       27      20528
467     8       46      26
468     7       15793   27
469     64      5       10997
470     7       47      27
471     24289   27      7
472     78      16375   7
473     16221   25      7
474     7       47      27
475     25      5       10466
476     5       25      11808
477     49      9       27
478     3       4305    23
479     7       16029   27
480     3       21      15913
481     55      5       12264
482     7       29      51
483     29      8417    9
484     27      47      9
485     51      29      9
486     51      7       29
487     27      12341   7
488     6       46      26
489     25      7       16354
490     5       25      18075
491     16044   5       25
492     3       13569   25
493     11210   7       27
494     7       45      25
495     25      10682   7
496     6       48      26
497     10073   3       25
498     27      13485   5
499     5       12064   23
500     5       23      43
501     7       122     140
502     9       27      49
503     37      6       12487
504     17711   5       27
505     47      7       27
506     55      33      9
507     25      45      6
508     31      11498   9
509     26      46      8
510     7       27      51
511     11869   25      5
512     23      9290    5
513     7       14250   25
514     11381   3       25
515     27      7       15570
516     7       25      15158
517     7       10864   27
518     7       8764    65
519     10260   27      7
520     7       25      9503
521     14951   83      107
522     16144   23      7
523     51      7       29
524     27      16269   7
525     13329   5       25
526     31434   27      5
527     43      21      5
528     47      7       25
529     11769   4       24
530     6       46      26
531     6       26      12637
532     18291   98      71
533     5       25      7633
534     27      7       13984
535     5       23      10667
536     13764   29      5
537     23      43      5
538     23      4447    5
539     5       25      13114
540     6       14398   28
541     4       22921   28
542     5       11745   31
543     25      7       45
544     22558   23      5
545     6       8938    26
546     21      3       43
547     18836   31      7
548     5       6542    6564
549     27      9       20558
550     5       25      10074
551     7       25      45
552     7       27      49
553     23      18903   5
554     23      14160   5
555     7       45      25
556     47      7       9403
557     43      23      5
558     27      7       12317
559     14141   6       30
560     7       27      14832
561     16481   3       21
562     3       21      41
563     25      7       11046
564     27      13127   5
565     45      7       25
566     7       28      12309
567     5       12598   26
568     7       13708   27
569     27      7       47
570     29      20346   9
571     43      23      7
572     5       20897   27
573     90      12505   115
574     27      15559   7
575     25      5       10307
576     25      10492   5
577     5       43      23
578     8190    23      5
579     6       13049   26
580     25      15152   5
581     27      7       22916
582     46      6       26
583     43      7       25
584     29      21836   7
585     5       18019   23
586     7       47      25
587     9889    27      9
588     24651   7       27
589     5       9514    27
590     22106   32      5
591     7338    6       25
592     47      25      7
593     7916    3       25
594     14195   26      5
595     16562   23      5
596     13249   27      7
597     28      13499   6
598     28      6       14161
599     5       23      11004
600     25      7       15124
601     47      25      5
602     12105   7       25
603     16102   5       27
604     25      7       15750
605     11662   6       36
606     11348   7       25
607     5       23      12369
608     12840   25      5
609     3       18400   23
610     23      43      5
611     7       12163   27
612     16886   5       27
613     5       27      13492
614     7       11612   27
615     5       43      23
616     3       23      45
617     7       9292    30
618     14130   5       29
619     5       15915   22
620     5       25      48
621     12392   7       25
622     32      11596   8
623     10341   25      7
624     5       12291   29
625     12396   5       25
626     5       27      49
627     16416   7       25
628     12533   7       29
629     23      15045   5
630     3       22      42
631     5       47      25
632     5       47      25
633     16088   23      5
634     12646   6       28
635     20900   27      5
636     23      5       10813
637     9       27      49
638     23      44      4
639     13042   7       27
640     5       15797   27
641     27      7       51
642     7       29      5831
643     5       13732   27
644     6       13261   28
645     16506   27      9
646     4       44      23
647     10519   23      5
648     27      7       12904
649     45      25      5
650     51      7       29
651     6       7756    28
652     43      23      5
653     7       14933   25
654     5304    26      8
655     31      7       13751
656     25      7       15673
657     7       45      25
658     23      3       43
659     45      3       25
660     27      7       9523
661     29      10151   7
662     7       18519   25
663     5       23      22306
664     11466   7       25
665     5       23      15023
666     5       20053   23
667     47      5       27
668     13955   36      6
669     27      7585    7
670     5       11700   23
671     3       43      23
672     5       12661   28
673     25      7       14113
674     25      11749   7
675     25      7       7125
676     27      13605   7
677     25      14237   5
678     7       9422    27
679     36      16601   18
680     6       45      26
681     4       23      19666
682     27      7       15673
683     10635   25      5
684     5       10129   31
685     24184   7       29
686     14458   6       30
687     25      5       16185
688     13793   27      5
689     7       15024   25
690     23      7687    5
691     5       13451   27
692     25      9612    5
693     27      10657   7
694     25      45      7
695     36      9       10397
696     12710   28      8
697     29      14239   9
698     67      90      12420
699     14887   7       27
700     7       23213   31
701     23      11272   7
702     19556   5       25
703     5       18444   21
704     23      45      5
705     28      15197   7
706     23      3       47
707     7       18235   25
708     14511   7       27
709     3       41      21
710     25      5       9930
711     9268    23      7
712     29      12592   7
713     5       18103   25
714     30      12982   8
715     7       47      27
716     7       10388   35
717     13611   5       29
718     23      12249   5
719     7       22579   36
720     9253    29      7
721     9349    27      7
722     4       44      24
723     25      5       15678
724     50      6       28
725     46      5       28
726     25      5       15913
727     52      28      7
728     30      48      14638
729     5       9620    30
730     5       12686   25
731     25      14595   7
732     3       41      23
733     3       24      14525
734     14805   27      7
735     23      14698   7
736     12570   5       27
737     5       25      45
738     10376   23      5
739     21      11930   5
740     51      29      7
741     5       15823   25
742     7       23      45
743     5908    27      9
744     25      5       9351
745     11593   7       25
746     27      7       49
747     3       25      46
748     13920   7       27
749     11754   6       26
750     18306   7       27
751     5       25      10811
752     29      5       51
753     14404   5       23
754     10654   27      5
755     15009   26      6
756     27      7       18957
757     25      13206   5
758     5       23      13815
759     12284   24      6
760     7       47      27
761     8045    24      6
762     18413   5       25
763     38      12900   7
764     11128   6       26
765     45      5       25
766     5       13306   28
767     34      8       17173
768     14379   23      7
769     51      7       31
770     23      3       13853
771     12864   28      7
772     23      43      5
773     23      15679   7
774     36      22158   7
775     46      5       26
776     14329   25      5
777     7       25      22360
778     12362   25      7
779     23      5       21654
780     25      8476    6
781     26      6       46
782     9710    25      7
783     29      14526   7
784     7       45      25
785     5       28      14559
786     45      7       25
787     3       21      15191
788     5       27      16933
789     33      7       13461
790     16305   29      7
791     17040   23      5
792     5       25      47
793     15193   26      8
794     14957   131     151
795     6       26      12367
796     23      5       15900
797     12148   5       27
798     5       27      47
799     21      12696   3
800     6       16659   25
801     7       27      49
802     25      47      5
803     5       26      17452
804     5       16465   27
805     7       25      12206
806     11128   23      5
807     26      16462   8
808     38      12856   8
809     31      21298   5
810     32      13843   8
811     5       23      43
812     25      5       48
813     5       5570    25
814     53      73      33
815     3       23      11921
816     13127   5       25
817     7       45      25
818     27      50      7
819     13377   5       29
820     25      7       45
821     9711    5       27
822     5       43      25
823     14681   29      9
824     5       10596   23
825     26      3       14272
826     49      5       25
827     27      18761   7
828     24      8664    6
829     7       27      47
830     29      13969   9
831     51      29      7
832     13579   9       29
833     9585    7       27
834     5       41      23
835     6       13008   28
836     25      7       18622
837     43      5       23
838     55      27      77
839     14805   26      6
840     30      7       52
841     5       47      25
842     7       27      11728
843     50      30      9
844     25      16757   7
845     7       25      11421
846     3       23      7153
847     49      7       27
848     24      6       15596
849     14563   25      5
850     46      6       26
851     5       25      47
852     7       7931    27
853     21045   25      7
854     5       23      10226
855     23      5       16098
856     26      8       48
857     5       10453   25
858     11145   5       25
859     55      31      11
860     43      23      5
861     5       41      23
862     5       8142    25
863     11      81      29
864     25      6       16053
865     7       10526   27
866     27      3       17158
867     25      13978   7
868     49      27      7
869     5       47      25
870     24951   25      5
871     27      3       12921
872     12388   96      78
873     10151   7       31
874     7       25      47
875     13566   7       27
876     23      5       11044
877     5       11014   25
878     43      21      5
879     47      25      7
880     94      76      7
881     16067   7       42
882     6       45      25
883     27      7       12236
884     17856   25      9
885     3       43      23
886     30      5932    9
887     5       29      14698
888     13707   25      5
889     7       27      50
890     18470   6       24
891     8407    27      7
892     5       23      17617
893     5       25      47
894     16443   23      5
895     25      10841   7
896     4       28      50
897     15465   25      5
898     5       23      8715
899     6       48      26
900     5       13074   31
901     27      7       10853
902     11282   7       25
903     7       47      27
904     51      5       27
905     29      7       51
906     7       25      17168
907     26      46      6
908     14750   32      12
909     27      7       47
910     9489    7       27
911     25      8873    7
912     23      5       10626
913     26      14773   8
914     6       26      17874
915     26      6       46
916     8       30      22897
917     25      45      7
918     5       25      47
919     11230   82      63
920     29      10496   9
921     27      9919    5
922     26      6       48
923     23      15564   5
924     41      21      4
925     5       23      12761
926     6       13162   26
927     43      5       23
928     7       28      18624
929     6       26      46
930     5       23      11816
931     7972    27      7
932     12943   5       25
933     9767    7       27
934     7       22633   31
935     29      7       53
936     25      15330   5
937     9675    6       25
938     11779   5       29
939     5       23      17235
940     3       41      23
941     5       14314   23
942     7       25      47
943     9795    87      107
944     7       29      49
945     29      7404    9
946     48      26      8
947     25      49      5
948     45      23      5
949     13730   5       26
950     11555   23      4
951     10835   5       23
952     18823   5       25
953     5       23      10054
954     46      6       25
955     7       9319    32
956     15463   25      5
957     21      16151   5
958     27      49      7
959     6       26      10764
960     5       25      45
961     27      7997    7
962     12817   4       26
963     16219   25      7
964     7       25      45
965     27      49      7
966     28      50      8
967     12594   23      5
968     13138   4       28
969     5       12913   23
970     4       21      11863
971     5       25      12531
972     23      43      7
973     5       25      20776
974     27      7258    7
975     23      5       43
976     47      5       25
977     5       26      12665
978     25      5       47
979     15101   23      5
980     5       49      27
981     23      5       45
982     7       29      9733
983     5       14715   23
984     16432   6       24
985     27      7       16845
986     27      7       16273
987     25      15688   5
988     23      43      5
989     27      11156   7
990     7       18234   27
991     5       25      13232
992     3       41      23
993     16024   7       27
994     4       24      10280
995     31      7       10149
996     7       21812   29
997     28      12408   8
998     23      5       10765
999     28      13843   7
^C
15:13:32/student@10.100.23.245:io (master)$
